800
1
-0.001497
0.007486
-0.002317
0.007784
0.003676
0.003001
0.002057
0.000678
0.002293
0.002144
0.008432
0.002040
0.004563
-0.001054
0.002559
0.006847
0.006217
-0.003833
0.001358
0.009786
-0.004943
0.004674
0.004340
-0.000487
0.004721
0.001543
-0.007471
0.008219
-0.000222
0.003497
0.001866
0.003825
0.003748
-0.001150
-0.000168
0.009622
0.007889
0.005751
0.001655
-0.005795
0.004351
-0.000582
0.003088
0.000164
0.009405
0.008884
0.000647
-0.002525
0.005130
0.001023
0.002262
0.011833
0.000844
-0.000153
0.005437
0.003559
0.000178
-0.000214
-0.000517
0.004587
0.003615
0.001148
0.002298
0.001624
0.003783
-0.009523
-0.004865
0.011849
0.002318
0.019331
0.003333
0.002833
0.001119
0.009149
0.000602
0.004646
-0.002838
0.010266
0.000307
0.001213
0.000367
0.004827
0.013369
0.005463
0.002843
0.007097
0.004339
0.007805
0.008168
0.008324
-0.002901
0.005759
0.003296
0.005444
0.003679
0.002882
0.004016
0.002812
0.006493
0.012346
0.001562
0.006845
0.001879
0.000989
-0.008141
0.004499
0.002054
0.001530
-0.000642
-0.000457
0.003862
0.004702
-0.000877
0.012276
-0.003052
0.004232
0.004945
0.006067
0.005174
-0.002337
0.016459
0.004086
0.004586
0.005720
-0.000057
0.003478
0.006803
0.002492
0.010633
-0.003444
0.004090
-0.000294
0.000125
0.000206
-0.001064
0.003423
0.001595
0.004339
0.001291
0.002519
0.006337
0.001161
0.004899
0.009931
0.006155
0.000616
0.004030
-0.003398
0.005210
0.009751
0.003415
0.000384
0.011365
0.004382
-0.000717
0.006315
0.004220
0.004248
0.004204
0.000995
0.001480
0.002102
0.005855
0.008017
0.006899
0.001295
0.005691
0.006174
0.001547
0.003735
0.003149
0.004291
0.002595
0.001289
0.000509
0.006375
0.005578
0.000711
0.007706
0.001565
0.003654
0.006257
0.002493
-0.001663
-0.003695
0.009677
0.004469
0.004181
-0.000367
0.003839
0.001101
0.000569
-0.001082
0.003921
0.002089
-0.000336
-0.004322
0.006612
0.002428
0.008193
0.001847
-0.000305
-0.001162
-0.000292
0.000841
0.006915
0.006747
0.004039
0.003534
0.000416
0.004527
-0.004183
0.000132
-0.000589
0.001980
0.003897
0.006641
0.006610
0.005619
0.004746
0.002503
0.008851
0.009742
-0.000054
0.004482
0.001146
0.000594
0.008529
0.002461
0.004200
0.002311
0.000110
0.009843
0.006903
-0.004146
0.009961
0.003135
0.006085
0.008857
0.002840
0.002502
0.002208
0.001241
0.004756
0.002603
0.011751
0.005386
0.003324
0.007928
0.008697
0.006966
0.000549
0.005430
0.010789
0.005954
0.002302
0.007137
0.000593
0.003056
0.006277
0.004186
0.002416
-0.002035
0.001925
0.007653
0.000589
-0.003150
0.004240
0.002909
0.000602
0.005477
0.003686
0.004087
-0.000216
0.003553
0.004254
0.007183
0.002625
0.002044
0.001594
0.000752
0.000507
0.007230
-0.000013
0.008687
0.005404
-0.000380
-0.001190
0.009483
0.000477
0.000904
0.002033
0.003264
0.003827
0.008400
0.007500
0.005025
0.003657
0.003029
0.002914
0.001964
0.001924
0.006294
-0.003730
-0.003001
0.000837
-0.003345
0.005589
0.002979
-0.000164
0.004889
0.002826
0.011614
0.001676
0.004358
-0.000077
0.001695
0.008320
0.001592
0.001423
-0.000827
0.001611
0.006571
0.002150
0.000175
0.015882
0.003130
0.004379
-0.000217
-0.000075
-0.000364
0.002652
0.004473
0.004719
0.004501
0.001355
0.004674
0.005810
0.006877
0.005843
0.005856
0.002105
0.006503
0.006664
0.005177
0.000012
0.000859
0.007098
0.009984
0.002706
0.003934
0.003851
0.004117
0.003303
0.010141
0.004424
0.006841
0.013342
0.000616
0.004279
0.000356
0.010560
0.001029
0.001173
0.000596
0.000359
0.003152
0.001118
0.003230
0.006575
0.004261
0.005580
0.007228
0.007527
-0.003449
0.002720
-0.002419
0.000971
0.002031
0.002693
0.002114
0.004172
0.005114
0.001377
0.010454
-0.000474
0.001173
0.002594
0.005105
0.008079
0.009446
0.002918
-0.000126
-0.002056
0.000766
0.004200
-0.001891
0.003665
0.000276
0.000889
-0.000271
-0.000791
0.003270
-0.002720
0.000686
0.012350
-0.009600
0.022412
0.004188
0.007009
-0.000412
0.009946
0.001675
0.009565
0.002292
0.003432
0.008007
0.008273
0.010006
0.014349
0.013977
-0.000282
0.001059
0.002240
0.002395
-0.007800
-0.000508
0.009135
0.002328
0.003286
0.004608
0.015044
-0.000668
0.011915
0.006447
0.001115
0.011966
-0.000289
0.008019
0.003605
0.000294
0.006143
0.000895
0.003692
-0.001112
0.010574
0.006556
-0.002069
0.000094
0.003775
-0.002822
0.008773
0.001974
0.002497
0.002858
0.006978
0.003924
0.000786
0.004875
0.001107
0.003580
-0.002535
0.000880
0.001350
0.001494
0.002350
0.002647
-0.001783
0.001135
0.016721
0.005731
0.006795
0.002437
0.000500
0.000158
0.009178
0.002728
0.003699
0.001881
-0.001879
0.011366
0.007075
0.012052
0.004982
0.010712
0.009123
0.011531
0.001989
0.002029
0.004435
0.003535
-0.002623
0.006485
-0.006433
0.007781
-0.001443
0.005510
-0.000031
0.009271
0.004068
0.000238
0.009864
0.003573
-0.003127
0.005535
0.004561
0.004457
0.006901
0.011819
0.010685
-0.000860
0.002960
0.001008
0.005397
0.001200
0.005653
0.002848
0.004566
0.004526
0.002888
0.007894
0.003927
0.004313
-0.002135
0.003168
0.006133
0.000779
0.002339
-0.008586
0.005105
0.005901
0.002354
-0.001846
0.000185
0.000744
0.016582
0.003360
0.006800
-0.011620
0.002896
0.001539
0.002545
0.004135
0.007407
0.000584
-0.000444
0.003834
0.004715
0.009411
0.003131
0.003673
0.002074
0.001052
0.000273
0.005441
-0.002320
-0.001211
0.000338
0.002806
0.000755
0.002153
0.001041
0.003808
0.002948
0.002129
0.000992
0.002165
0.012176
0.006462
0.000499
0.004397
0.004590
0.005987
0.000264
0.005243
0.000539
-0.005218
0.007074
0.005676
0.003904
0.008974
0.004827
0.004165
0.001417
0.001201
0.006573
0.005955
0.000366
0.009589
0.003537
0.005952
0.000138
0.005943
0.003311
-0.002168
-0.000139
0.003801
0.010039
0.001628
-0.000617
-0.001068
0.005486
0.002727
0.003904
0.001772
0.008669
0.009601
0.001342
0.003119
0.007309
0.011219
-0.000951
0.000669
0.004448
0.001051
-0.000848
0.001587
0.001221
0.008428
0.006949
0.005471
0.007064
0.000208
0.004269
0.005241
0.001098
-0.001092
0.004736
0.000447
0.006446
0.002615
0.005960
0.001751
0.001006
0.009026
0.001021
0.006702
0.004555
0.004283
0.001203
-0.002004
0.003387
0.001668
0.004747
0.007867
0.002713
-0.002327
0.000507
-0.003141
0.005891
0.009222
0.001970
0.001756
0.006292
-0.000942
0.002498
-0.007940
0.004131
0.007629
0.002334
-0.004097
0.005867
0.005921
0.002178
0.007037
0.000359
0.005552
0.005329
0.010252
0.014428
0.002074
0.006912
-0.000302
0.007359
0.003615
0.003956
0.011678
0.005216
0.002117
0.003610
-0.000065
0.006080
0.003975
-0.001118
0.004116
0.002215
0.008532
-0.000811
0.001599
0.011025
0.001733
-0.004222
-0.008884
0.012216
-0.006814
0.010851
0.003989
0.012319
0.000274
0.009097
0.003848
0.005621
0.001971
0.006932
0.003691
0.006728
-0.000825
0.002167
0.007846
0.001112
0.004930
-0.000349
-0.004736
0.008679
0.012984
0.002723
0.002062
0.004979
0.004986
0.004063
-0.002033
0.002739
0.000333
0.000493
0.011056
-0.000701
0.000386
-0.003774
0.002643
-0.001793
0.009869
0.013702
0.003500
0.005790
0.005146
0.002492
0.001678
0.009897
0.002201
0.013099
-0.001978
0.002686
0.003734
0.005135
0.002547
-0.005091
0.002686
0.004512
0.010980
0.000362
0.006525
0.001988
0.004240
0.001702
-0.001386
0.003431
0.005862
0.009692
0.006309
0.011098
0.003364
0.001429
0.001465
-0.004573
0.002435
0.006410
-0.000446
0.002751
0.008479
0.003787
0.005148
-0.000954
-0.004307
0.005224
0.003674
0.002903
0.007810
0.001882
-0.000805
0.005354
0.000727
0.002024
0.000867
0.002987
0.005861
0.007843
0.010658
0.005488
0.012564
-0.005095
-0.003159
0.004519
-0.000176
0.005904
0.005827
0.006805
0.001273
0.007884
0.001967
0.001488
