800
1
0.021053
0.026381
0.042327
-0.016378
-0.014578
-0.006665
-0.029091
0.038086
-0.002961
-0.084510
0.019919
0.001236
-0.004009
0.010204
0.000421
-0.000619
-0.030285
0.020760
0.053586
0.066958
0.031168
0.054052
0.005569
0.007179
0.012990
0.023087
0.040839
0.016430
0.011910
0.044100
-0.024339
-0.004029
-0.005436
0.050405
0.090018
0.035408
0.021214
0.013457
0.021303
0.013977
0.007987
-0.008859
0.041072
0.021781
0.004393
0.000274
-0.029194
0.022822
-0.000195
0.000875
0.016564
0.004268
0.045644
0.014962
0.033377
-0.007815
0.005322
0.038249
0.004111
0.021755
-0.013619
-0.000803
0.008280
0.016499
-0.001012
0.008149
-0.000469
-0.007290
0.025642
0.053001
0.001935
0.008303
0.013212
0.001296
0.002816
0.052505
0.042148
0.002980
0.018855
0.056964
-0.005442
0.001587
-0.062810
0.013993
-0.015055
0.011167
0.039158
0.024436
0.032548
0.037995
-0.037678
0.037512
0.076479
0.018299
0.000420
-0.021963
-0.017067
-0.042203
0.017942
-0.039836
0.007269
0.019381
0.006419
0.034172
0.006102
0.084928
-0.000587
0.005918
0.020450
0.006784
-0.048784
0.024896
0.086652
0.015958
0.031000
0.059979
-0.012034
0.008483
0.030682
0.023690
-0.002103
-0.027909
0.000271
0.027582
0.020182
0.022156
0.046538
-0.036120
0.030872
0.019671
0.000112
0.002190
-0.067489
0.056010
0.005433
0.039473
0.024085
-0.012345
0.021619
-0.005278
0.031985
0.067929
0.030079
0.019527
0.003919
0.025680
0.012092
0.080461
0.007955
0.025238
0.050162
-0.011040
-0.050788
-0.057398
0.027069
-0.000580
0.003182
0.009299
-0.018277
0.019832
0.061148
0.020293
0.022383
-0.007470
0.006014
0.001197
0.023246
-0.000058
0.001231
0.000476
0.019326
0.013358
-0.073640
0.000519
0.011726
0.069623
0.021363
0.051959
-0.001807
0.011844
0.000850
0.036404
0.037340
-0.009800
0.000896
-0.045271
-0.046940
0.000013
0.008868
-0.000103
-0.015685
0.014213
0.035722
-0.051493
0.018739
-0.034996
0.025423
-0.052142
0.032736
-0.031775
-0.051872
0.029208
0.000048
-0.007013
0.036653
-0.000188
0.034483
0.000307
0.010527
0.013187
0.006672
0.030942
-0.021403
0.024575
-0.000056
-0.029492
-0.002746
0.017345
-0.001222
0.018190
0.022321
0.029392
0.034729
0.048711
-0.029362
0.002376
0.023939
0.004534
0.025328
0.008565
0.075036
0.008364
0.000093
-0.000350
-0.023887
0.024468
0.013422
0.013796
0.016904
0.096897
-0.003712
0.010019
-0.003045
-0.011495
0.005315
-0.047843
-0.004297
0.003466
0.057510
0.058277
0.016618
-0.000029
0.051602
0.030747
-0.041350
0.032730
0.040121
0.019159
0.003404
0.014505
0.006168
0.001489
0.014106
0.062958
0.095895
0.011922
0.034536
0.006025
0.015510
0.029703
-0.001413
-0.014789
-0.014468
0.026908
0.017038
-0.011759
-0.022182
-0.023595
0.042238
0.015685
0.012793
-0.008638
0.032267
0.054274
0.017958
0.004309
-0.035119
-0.075347
0.003528
0.003050
0.000456
0.024860
-0.043200
0.000513
-0.011100
0.029338
0.020009
-0.001094
0.007945
-0.013947
0.052341
0.067227
0.024474
0.010127
-0.002801
-0.017926
0.045626
-0.000057
0.011541
0.008953
-0.027010
0.072923
0.041471
0.046987
0.006862
-0.039271
-0.031550
0.022844
-0.014015
0.057175
0.010448
0.034120
-0.015426
0.007869
0.007889
-0.028265
0.025910
0.021806
-0.006168
0.085663
-0.008544
0.039580
-0.003722
0.009370
-0.005022
0.000280
0.001174
-0.010183
0.061562
0.004219
0.064657
0.045599
0.041771
0.040574
0.058474
0.047353
-0.050091
-0.013535
0.024412
-0.012320
-0.056435
0.002250
0.002827
-0.000000
0.013420
-0.000570
0.054103
0.007790
-0.002671
0.000440
0.001576
0.008565
0.003213
0.019090
-0.043347
0.080850
-0.003487
0.006004
-0.022946
0.009839
0.000179
-0.002492
0.015617
0.005770
0.003569
0.006903
0.022005
-0.000626
-0.003880
0.053348
-0.035973
0.005043
-0.023055
0.037102
0.031821
0.043719
0.001428
0.016559
0.016387
0.037620
-0.010852
0.026435
0.036325
0.024729
0.001962
0.013535
0.036008
-0.000096
0.030953
-0.000313
0.042821
-0.005969
0.024756
0.016571
0.012108
0.017718
-0.026464
0.021378
-0.043475
0.025657
-0.003137
0.030711
-0.057959
-0.001396
0.005986
0.009105
0.000487
0.023298
0.022874
0.009971
0.089220
0.006283
-0.001215
-0.010765
0.000629
0.028276
-0.003623
-0.032227
-0.033527
0.014349
0.040661
-0.017832
-0.001921
0.017740
0.015706
0.016997
0.003748
0.016819
0.002926
-0.010722
-0.003928
0.000021
0.032304
0.006627
-0.020616
-0.022303
0.002171
0.016152
-0.007659
-0.041657
-0.015744
-0.001492
0.023758
0.036760
-0.002521
0.008881
0.110512
-0.105815
0.061186
0.010921
0.040454
-0.062726
0.007873
0.005424
0.056685
0.018385
-0.013606
0.040027
0.005739
0.010524
0.017340
-0.000532
-0.015489
-0.029012
0.020748
0.016157
0.031014
-0.009151
0.041154
0.004211
0.009094
-0.000600
0.026962
0.012737
0.066602
-0.011876
-0.002433
0.011002
-0.001203
0.000244
-0.031055
0.021497
0.014145
0.086381
-0.012599
0.014149
0.012619
-0.001414
0.010186
0.009910
-0.064215
0.010171
0.024104
0.012765
-0.004447
0.021930
0.004812
-0.001884
0.013166
0.028414
0.007490
0.089898
0.019474
0.032023
0.043627
-0.023711
0.025300
0.020923
0.023086
0.031002
-0.024643
0.029368
0.030946
0.029612
0.010777
0.022461
0.001901
-0.000081
0.067689
-0.028548
0.040934
0.059099
0.000443
-0.002395
0.017901
0.007902
0.014294
-0.007692
0.033298
0.000254
0.014250
0.011504
0.006578
-0.042326
0.025132
0.088705
-0.016144
-0.000435
0.028706
0.016354
0.006040
-0.071695
-0.020651
0.000887
-0.000488
0.008660
0.022788
0.011020
0.033030
-0.022258
0.003231
0.001154
0.029285
0.022112
0.006064
-0.018282
0.025099
0.027221
0.048834
0.009893
0.040470
0.018783
0.026256
0.011761
-0.030083
0.017658
-0.007493
0.000952
0.035526
0.011047
0.001411
0.033243
0.007784
0.075133
-0.005616
0.155306
0.016713
0.008734
0.032335
0.006902
-0.013583
0.065798
-0.011182
-0.000009
0.018460
0.018498
-0.000005
-0.001588
0.020309
-0.000966
-0.008307
-0.018839
0.011676
0.024391
-0.001610
-0.002199
-0.004159
0.010851
0.032750
0.011455
0.028925
0.020760
0.020793
-0.000002
0.004266
0.012992
-0.001112
-0.000898
-0.000483
0.154568
0.025923
0.000202
0.005928
-0.039466
0.053976
0.022190
0.048805
0.003207
0.028283
0.043539
0.026115
-0.004768
0.001600
0.036669
0.037490
-0.000316
-0.018638
0.075972
0.021129
-0.039700
0.017229
0.010215
-0.048140
-0.059916
0.013559
-0.000022
0.041972
-0.006923
-0.037351
-0.057551
-0.003529
0.013805
0.008564
0.003381
0.027246
0.003005
-0.003078
-0.000260
0.023629
0.026561
0.001151
0.027439
-0.004610
-0.016929
-0.010204
0.026877
-0.000571
-0.084898
0.032179
-0.019445
0.004075
0.003759
0.002180
-0.008546
-0.013892
-0.009492
-0.046468
-0.000027
0.026962
-0.002827
0.007252
0.010381
0.013218
0.064549
0.051702
-0.000576
0.034512
0.001835
0.000117
0.101229
0.000287
-0.010254
0.018883
-0.037621
0.000639
0.025382
0.021115
0.002825
-0.025778
0.122223
-0.015274
0.028502
0.001383
-0.023268
0.011200
-0.007549
0.064193
0.008419
0.030478
0.040627
0.057281
-0.013639
0.008281
0.047884
0.005585
0.027214
-0.003572
0.012385
-0.012226
0.039420
0.021099
-0.039943
0.023385
0.024781
-0.000183
-0.041470
0.022314
0.049790
0.008531
-0.000614
-0.007477
-0.000212
0.031805
-0.023866
0.043543
0.037343
0.007462
0.012245
-0.007115
0.020376
0.034733
-0.026279
0.086885
-0.003589
0.062225
-0.002620
0.059722
0.003413
0.008437
0.053308
0.067576
0.038122
0.046132
0.010341
0.029050
0.027257
0.020559
-0.015722
-0.015426
-0.004902
0.106696
0.001235
0.009711
0.011777
0.031238
-0.070660
-0.005390
-0.046958
0.052430
0.016952
0.020610
-0.064280
0.005168
-0.033941
0.000435
0.047048
0.000187
0.062665
0.041164
-0.001078
-0.009004
0.005074
0.116440
0.055404
0.029651
0.024120
0.016747
-0.006887
-0.035710
0.005852
0.015711
0.023498
-0.008120
0.018497
0.001938
0.021388
-0.001121
0.074467
-0.000353
0.006935
