200
1
0.001849
0.001967
0.000084
0.006472
0.002133
0.000143
0.001339
-0.000029
0.004052
-0.000002
0.004199
0.000005
-0.000362
-0.000679
0.006626
0.001272
-0.000024
0.006427
-0.000002
0.000319
-0.000779
0.001078
-0.001575
-0.000008
-0.000111
0.006276
0.002161
-0.001152
-0.002595
0.002845
0.002692
0.008040
0.003126
0.000033
-0.000005
0.000247
0.000526
-0.000004
0.002748
-0.001200
-0.000003
0.001746
0.005893
0.000207
0.001460
0.006478
0.001355
0.000114
0.008435
0.001716
0.001688
-0.002422
-0.000003
0.001297
-0.000005
-0.000070
0.006678
0.005489
0.007748
-0.000006
0.001017
0.000141
-0.001189
-0.000002
0.003126
-0.000002
0.000411
0.001500
0.002105
-0.003074
0.000207
0.000444
0.000075
-0.002092
0.002547
0.000928
-0.003111
0.000004
0.003154
-0.000006
0.003131
0.000821
0.000431
-0.000074
0.000039
0.001349
-0.000004
0.001057
0.000030
0.007886
0.000474
0.000155
-0.000005
-0.000010
0.002992
-0.000005
-0.000319
-0.000002
0.001058
0.009005
-0.000006
-0.002767
0.004078
-0.001838
0.003840
-0.000002
0.000396
-0.000392
0.000752
-0.000336
0.000805
0.002183
0.002957
0.002815
-0.000008
-0.000826
0.003151
0.001487
0.000500
0.002981
0.005471
0.001405
0.000121
0.002531
-0.000002
0.004120
0.001762
0.001635
-0.000004
0.001088
-0.000003
0.001860
0.001106
0.000041
0.003309
0.008477
-0.000074
-0.000636
-0.000003
-0.001719
0.006196
0.002892
0.000452
0.001037
0.001025
0.001064
-0.000044
0.002851
0.011325
0.001485
0.002326
-0.000402
0.000043
-0.000879
0.001376
0.002519
0.000326
-0.000006
0.002432
0.000213
-0.000126
0.001010
-0.000005
-0.001125
0.003461
0.000771
-0.000003
-0.000730
-0.001974
-0.000008
-0.000003
0.000247
0.001019
0.000749
-0.000009
0.002643
-0.001055
-0.001154
0.002474
0.003173
0.001103
0.003347
-0.001115
0.003663
-0.000016
0.000495
0.001487
-0.000011
-0.000347
0.000280
-0.000001
0.003526
-0.002483
-0.000004
0.002075
0.004386
0.000341
-0.001513
-0.000009
0.001861
