200
1
0.004448
-0.009867
-0.016398
0.018418
0.003774
-0.000490
0.042179
-0.002388
-0.000736
0.008376
0.066243
0.000338
0.023786
0.035817
0.007242
0.006403
0.048216
0.007827
0.049427
0.003879
0.001140
0.046078
0.038175
0.039547
0.047525
-0.000258
0.000476
-0.001472
0.051191
0.012911
0.002044
0.017973
-0.001335
-0.002081
0.011907
0.018609
0.008558
-0.002955
0.018464
0.000545
0.006277
0.044493
-0.000579
0.049953
0.020384
0.026373
0.002009
0.012487
0.000916
0.027908
0.000385
0.001643
0.050184
0.026508
0.004751
-0.003544
-0.004769
0.043407
0.016582
-0.002280
0.006091
0.008489
0.012506
-0.000548
0.076722
0.000293
0.023820
0.000750
0.001626
-0.001238
0.006895
-0.001834
0.017483
0.007526
-0.000012
0.021154
0.019064
0.044245
0.050989
0.009810
0.066712
0.029362
-0.003318
0.012792
0.031982
-0.006270
0.099732
-0.005062
0.002146
0.011622
0.000681
0.029898
0.008838
0.048209
0.016783
0.018557
0.003206
0.074283
0.006881
0.008285
0.025998
0.034319
-0.000001
0.028961
0.009693
0.006992
0.002259
0.009321
-0.001070
0.006686
0.001225
0.003710
0.000175
0.055979
0.000020
0.009952
0.021306
0.008537
0.005248
0.008686
0.054938
0.000146
0.055242
0.005130
0.024750
0.029864
0.007349
-0.000632
0.027031
0.006410
0.000442
-0.009765
0.064662
0.022022
0.002649
0.022046
0.003000
0.066969
-0.011881
0.029460
0.000000
0.045314
-0.008150
0.070958
0.006588
0.005536
-0.002215
-0.000003
-0.004415
-0.001960
0.011526
-0.000890
0.097423
-0.000330
-0.002469
0.030319
-0.002365
-0.005683
0.060648
-0.000753
0.047711
0.041418
0.034093
0.020584
-0.001988
0.013770
-0.002817
-0.004183
0.010888
0.040393
0.023643
0.004503
0.085268
0.004163
0.043140
-0.009179
0.061244
-0.000936
-0.000590
0.000050
0.050801
0.026904
-0.000012
0.008723
0.037150
0.026718
0.002412
0.001668
0.027561
0.002947
0.050801
0.003548
0.033227
0.034931
0.008009
0.012050
0.002685
0.042331
-0.001056
0.013873
