200
1
0.037948
-0.011095
0.098387
0.138843
-0.004029
0.008098
0.119065
0.057502
0.187267
0.039232
0.027130
0.175956
0.103030
0.093158
0.250064
0.185184
0.049626
-0.002820
0.004355
0.049813
-0.000030
0.142640
0.006957
0.012392
0.015809
0.002644
0.273622
-0.000570
0.007758
0.110349
0.029142
0.038030
0.187596
0.293922
0.022198
0.128600
-0.000143
-0.002076
0.011662
0.005411
-0.007799
0.081142
0.006640
0.159212
-0.000891
0.002990
0.019576
0.317671
0.003609
0.000250
0.157353
0.037051
0.000470
0.180961
-0.008932
0.047245
-0.006020
0.005748
-0.001852
0.248818
0.017985
0.286503
0.025456
0.048266
-0.002902
0.001524
0.056261
0.037138
0.431613
0.000217
0.251020
-0.007527
0.269592
0.059490
0.013665
0.085665
0.023793
0.053441
0.325566
0.049530
-0.007802
0.207428
0.143928
0.013986
0.060349
0.025389
-0.005173
0.018157
0.003871
0.031632
-0.001590
0.001128
0.357940
0.025529
0.025975
0.029405
0.095884
0.002582
-0.000003
0.132844
0.041587
0.058956
0.138699
0.002928
0.068575
0.138655
0.025253
0.015982
0.152842
0.008533
0.026897
0.002216
0.005977
-0.000961
0.073907
0.026945
0.091939
0.125858
-0.006426
0.054165
0.080071
0.001431
-0.008214
0.168644
0.071971
-0.014637
0.035694
0.048040
-0.024856
0.012100
0.000000
0.182569
0.022237
-0.000735
0.071351
0.139540
0.033554
0.293328
0.154758
0.157232
0.053976
0.281560
0.092045
-0.004307
-0.010118
0.123843
0.085806
0.213017
0.278101
0.137963
0.379948
0.096909
-0.042908
0.119652
0.007042
0.151694
0.006289
0.008360
0.007002
-0.029375
0.143947
0.000000
0.008654
0.402033
0.141535
-0.000536
0.002359
0.223461
0.000173
0.126346
0.080249
0.066713
0.099277
-0.000633
0.509861
0.119149
0.105041
0.150247
0.120264
-0.020700
0.246497
0.151286
-0.001216
0.092439
0.062524
0.002818
0.011079
0.094770
-0.000039
0.009713
0.137877
0.068552
0.054753
0.056085
-0.001090
0.212127
0.018931
0.296583
-0.022898
0.065246
