10
200
0.023651
0.023048
-0.165665
0.728031
-0.214046
-1.783519
0.116597
0.590146
0.728818
-0.229590
0.018607
0.066820
0.371249
0.421543
1.070651
0.657699
0.192777
-0.018915
-0.493365
0.267262
0.031397
0.660718
0.002855
-1.014490
-0.294607
-0.214463
0.260910
-0.016088
-1.240113
1.081973
-0.134547
-0.317210
1.124005
1.114369
-0.823377
-0.102385
-0.002192
-0.422256
-0.017875
-0.033275
-0.013873
0.717767
-0.816446
0.897015
-0.315888
-0.821557
0.009620
1.657645
0.026733
-0.017534
0.674611
0.106432
-0.035575
0.072467
-0.296834
-1.553985
0.051146
0.007407
0.006727
0.633875
-0.118886
0.716885
-0.977965
-0.144601
0.017145
-0.073927
0.376843
-1.152876
1.864403
0.004191
0.523165
0.016243
0.941831
0.383717
-0.880785
-0.395450
0.010452
-1.581651
1.109424
-0.624779
0.010028
0.532119
-0.737588
-0.066118
0.257519
-0.006890
-0.040979
-0.279246
0.002059
-0.232483
-0.911152
0.033727
1.653666
-0.102500
-0.048152
0.042014
0.868613
0.021766
-0.035743
-0.554249
0.541711
0.075517
0.070406
-0.754679
-0.431709
0.331240
-0.250473
0.028181
-0.355305
-0.093616
0.281124
-0.012167
-0.013956
-0.041531
-0.158568
0.399135
-0.307909
0.388203
0.029496
-0.381479
0.251188
-0.020584
-0.005866
0.531808
0.205635
-1.650174
-0.095029
-0.088693
0.297008
-0.028808
0.018312
0.519662
-0.221459
-0.047581
-0.666759
0.847841
-0.171731
0.888410
0.281454
0.524093
-0.119527
0.765024
0.069739
0.037723
-0.013698
-0.741584
-0.199212
0.311542
0.996742
0.172142
1.152121
-0.876137
-0.352732
-0.491743
-0.751594
0.181379
-0.897029
-0.855029
-0.579302
-0.645346
0.932756
-0.033680
0.052060
1.688724
0.558994
-0.080477
-0.196435
0.398972
0.012268
-0.018555
-0.100637
0.853634
-0.281433
0.000850
1.295416
-0.465832
-0.005567
0.473948
0.383672
-1.465506
1.026421
0.692875
-1.827042
-0.114656
-0.548231
-1.189277
0.006375
-0.668243
0.038596
0.083000
0.289790
0.160411
-0.284414
0.109235
-0.041686
0.188870
-0.859213
0.959115
-0.331681
0.134581
0.204631
0.081636
-0.991718
-0.143783
0.281171
0.536569
0.989517
0.218631
-0.091103
0.352732
-0.289893
0.844685
-0.175576
-0.179978
0.308697
0.203490
-0.011920
0.041761
0.505487
-0.166972
-0.012515
-0.053436
-0.017227
0.379611
0.318212
0.247660
0.927433
-0.057097
-0.062348
-0.137849
0.458661
-0.198805
-0.168529
-0.107546
-0.091737
-0.692214
0.011590
0.393057
0.074602
-0.039471
-0.030562
-0.052338
-0.207300
-0.179425
0.097217
-0.746580
-0.101715
-0.658007
0.018592
-0.032253
0.168114
-0.251470
0.004085
-0.439884
0.550822
-0.319312
-0.042432
0.018320
0.039960
0.057015
-0.050756
0.094531
1.088082
-0.306079
0.027519
-0.004132
-0.141686
0.621299
0.341010
0.005318
-0.315875
0.000166
0.693539
-0.031732
0.271320
-0.674712
0.163961
-0.131548
0.132700
-0.471637
-0.043260
-0.238448
-0.568876
-0.049892
-0.013074
-0.083024
-0.012548
0.296982
0.033214
0.068867
0.365407
0.001019
0.187975
0.353644
0.116017
-0.066808
-0.118687
-0.045472
0.002142
-0.991197
-0.106286
0.240933
0.696556
0.700963
-0.633256
-0.239326
0.292091
0.007324
0.369904
-0.007555
-0.041400
0.023903
0.017074
0.023762
0.015752
-0.078032
0.027307
-0.418116
0.002359
-0.236274
0.684465
0.045177
-0.017649
-0.456159
-0.077061
0.943028
-0.174132
-0.502310
0.024490
0.037905
0.047797
0.597057
0.315526
-0.031705
-0.825927
-0.136112
0.288729
-0.598309
-0.022104
-0.094292
-0.221469
0.789883
0.414569
-0.015053
-0.039973
-1.008467
-0.477230
-0.044524
0.819400
0.808074
0.533151
-0.841722
-0.031591
-0.849041
-0.742311
-0.993773
1.038131
0.863969
0.565424
-0.273770
-0.098767
-0.005401
0.184266
0.345876
-0.109138
0.146433
0.286707
0.443428
0.001710
-0.162658
0.271307
-0.131647
-0.220554
0.039826
0.962035
-0.300815
-0.601854
-0.043428
-0.266699
-0.212866
0.270790
-0.350687
-0.086858
1.140748
0.487128
0.499398
-0.032852
0.391905
0.039477
0.327115
0.530143
0.369088
-0.641762
-0.014225
-0.035166
-0.756974
0.484334
0.969793
-0.490021
0.035233
-0.157624
0.026266
-0.277995
-0.258538
0.276720
0.654248
0.111496
-0.212570
-0.368024
0.568475
0.200524
0.445636
-0.339635
-0.114939
-0.522278
-0.113547
-0.182596
0.001674
0.363187
-0.160837
-0.032672
-0.211915
-0.039806
0.294243
0.500961
-0.101586
1.186874
0.030720
-0.500779
-0.082107
-0.009487
0.156597
-0.358733
-0.132942
0.432668
-0.668768
-0.044691
-0.058132
0.048301
0.015083
-0.015502
-0.030554
0.934355
-0.371290
0.011393
0.016921
-0.051773
-0.849297
-0.015372
0.031829
-0.244979
-0.432300
-0.058776
-0.732690
0.244401
0.897791
-0.030337
0.019574
-0.033855
-0.342620
-0.016233
0.390168
0.979059
-0.283111
-0.024599
0.014120
-0.120774
1.223706
-0.015082
0.016098
0.512941
0.010304
-0.553823
0.040382
0.191670
0.556526
-0.022374
1.465777
0.299398
0.552090
-0.016625
-0.606052
-1.287969
0.010451
-0.245320
-0.070424
0.020645
0.460396
-0.002193
-0.260762
-0.248645
0.020708
-0.947906
-0.022738
-0.105779
-0.062257
-0.094954
-0.005726
0.030077
-0.849676
-0.098185
0.301732
-0.250131
0.656931
-0.418085
-0.274441
-0.016397
-0.008431
-1.249551
-0.079599
-0.072272
0.020181
0.034241
-0.033100
-0.068145
-0.099362
1.263985
-0.608240
0.007675
0.194255
-0.063520
-0.022117
0.009098
0.056535
-0.119053
0.736563
0.334446
-0.143603
-0.047823
-0.042825
0.005978
0.060406
0.119787
-0.024749
-0.402432
-0.206951
0.452512
0.173386
0.403652
-0.216517
0.770348
-0.148843
0.487213
0.011238
-0.036888
1.028204
-0.397059
0.210921
0.117693
0.312774
-0.004130
-0.310611
-0.109783
-0.184822
0.096801
-1.026349
0.666204
0.288860
0.446639
0.398599
-0.451772
-0.026897
-0.058090
-0.310873
-0.430467
-0.029241
0.483684
-0.735936
0.041091
0.954724
-0.362886
-0.130140
-0.181784
0.008078
0.365869
-0.855758
0.011333
0.325769
-0.049407
0.634353
0.259042
-0.291769
-0.435774
0.336230
-0.597252
0.859236
0.048174
-0.748906
-0.035257
0.217929
-0.124782
0.183903
0.147201
-0.277090
-0.049038
0.875612
0.887749
-0.229783
-0.396475
-0.055368
0.286503
0.004690
-0.105943
-0.011434
-0.022296
0.408720
0.345349
0.122973
0.127810
-0.104196
0.040239
0.000374
-0.017709
0.066235
0.567188
0.031311
0.145713
0.045277
-0.000435
0.002187
0.038529
0.117457
-0.019005
0.007932
0.080422
0.091107
-0.067491
0.040025
0.522367
0.067225
0.083415
0.110250
0.109560
-0.026353
-0.083543
-0.034176
0.044218
0.067475
0.123834
0.015754
-0.014657
0.053997
0.012831
0.198129
-0.071519
-0.017481
-0.010710
0.038435
-0.058650
0.009941
0.119382
0.072785
0.019433
0.161695
0.154131
0.018579
0.026831
0.036400
-0.033957
-0.098498
-0.040509
0.102127
0.061185
-0.046283
-0.010775
-0.011259
0.212308
-0.004614
0.361850
-0.024335
-0.076945
-0.014349
0.583753
0.020151
-0.194132
-0.164517
-0.107410
-0.097524
0.198965
0.009918
-0.023940
0.457554
0.534221
0.031706
0.175229
-0.005678
0.016364
-0.127745
-0.055008
0.296039
0.410289
0.013858
0.603651
0.116019
-0.029571
-0.076796
0.144570
-0.010983
-0.024369
0.064230
0.103738
-0.048238
0.422049
-0.131286
0.173582
-0.082430
0.255637
0.049029
0.647959
-0.040049
-0.097185
0.036763
-0.047522
-0.032385
0.254314
-0.023117
-0.255370
0.281732
-0.023521
-0.006673
0.357240
-0.027334
0.007615
-0.165712
0.034325
0.347762
-0.074796
-0.056388
-0.013050
-0.000469
0.000122
0.151888
0.197222
-0.022817
-0.032269
0.217392
0.030241
-0.101740
-0.177616
0.063862
-0.101696
0.276239
-0.110709
-0.029402
-0.026599
-0.146756
0.238237
0.094338
0.591487
0.242228
0.089742
0.187447
0.078542
0.046937
-0.190451
-0.038885
0.187358
0.197261
-0.086995
0.016714
0.074754
-0.025485
0.163237
0.638802
0.133625
-0.039968
0.014076
0.855973
0.002662
-0.175270
0.439247
0.114872
0.275893
-0.029669
0.179242
0.360054
-0.165795
0.032243
0.232252
0.292518
0.444325
0.019858
0.549364
0.472684
0.539682
-0.093289
-0.050704
0.876296
-0.018295
0.073144
0.260653
0.260215
-0.157799
0.108745
-0.021184
-0.143236
-0.201042
0.568424
-0.173607
-0.048542
-0.136458
0.014881
0.170335
-0.069699
0.229428
1.342668
0.087048
-0.095073
-0.326141
0.060857
-0.036666
0.032397
-0.094039
-0.113120
-0.527259
-0.319636
-0.071107
-0.020122
0.551339
-0.148014
-0.035390
-0.132104
-0.016524
0.738193
0.240780
0.129748
-0.189800
0.023111
0.736523
-0.079561
0.184380
0.211914
-0.120745
-0.778534
0.500676
0.015598
-0.030548
0.364074
0.083673
0.044392
-0.005180
-0.031357
0.611925
-0.359270
0.133240
0.544699
-0.048644
-0.270683
-0.046041
-0.050068
-0.242332
-0.101562
0.016633
-0.420512
0.372049
0.863508
-0.029001
-0.015080
-0.024397
-0.542073
0.277806
-0.748880
0.657322
0.177300
0.032800
-0.023971
-0.274510
0.907908
-1.036312
0.006625
-0.620213
0.021047
-0.424409
-0.253267
0.531502
0.242121
0.029458
1.097462
-0.875217
0.300541
0.046381
-0.748464
0.134476
-0.156513
-0.244662
-0.027878
-0.044529
0.156762
0.026693
0.187154
0.554989
0.032515
-0.734716
0.085362
0.045175
-0.134489
-0.098680
0.034283
0.041423
0.261227
-0.002040
-0.178697
-0.105625
0.593123
0.537747
-0.393672
0.329107
-0.012724
0.252098
-0.033052
0.002215
-0.022072
-0.078101
-0.040556
-0.030969
0.016212
0.143089
-0.276465
0.043565
0.038643
-0.123245
-0.025816
-0.036294
-0.513776
-0.206297
1.242866
0.204367
-0.186255
0.002747
-0.002540
-0.020597
-0.300486
0.394183
-0.011961
0.654350
-0.268769
0.094756
-0.951478
-0.252088
-0.393741
-0.052900
-0.479894
0.076167
0.038160
-0.013736
0.311481
0.017962
-0.581082
-0.672895
-0.147652
-0.909003
0.526420
0.382473
-0.080819
0.361952
-0.201501
0.955691
0.457933
0.283120
0.726300
-0.250644
-0.034611
-0.043140
-0.772614
-0.336729
0.029124
0.356427
-0.503228
0.042168
-0.331011
0.004497
-0.068236
0.132538
0.013141
-1.189924
0.166573
-0.107694
-0.312867
-0.344454
0.970015
-0.667471
-0.456799
1.150532
0.058261
0.286380
0.833874
-0.001814
0.402422
-0.021093
0.007838
-0.250655
0.027799
0.271575
-0.240363
0.005834
-0.291237
0.671873
-0.505723
0.185661
-0.006291
0.309698
-0.060344
-0.023104
-0.229972
-0.283409
-0.144420
0.143239
-0.337891
-0.399539
-0.421758
-0.295967
-0.880897
-0.142118
-0.053735
0.152820
-0.507309
0.009151
-0.026650
-0.392812
-0.143948
-0.041863
-0.333030
0.010422
-0.143627
-0.161351
0.159107
-1.207008
0.089561
0.677098
-0.195534
0.207762
0.202483
-0.256659
-0.583315
-0.595929
0.517982
0.043932
0.032583
-0.031290
0.020247
-0.041987
-0.122446
-0.679353
-0.303745
-0.273147
-0.660994
0.144339
-0.325763
0.067215
-0.010381
-0.316804
0.288557
-0.037628
0.987462
-0.153913
-1.305564
0.028975
0.037394
-0.045347
-0.614116
-0.386459
-0.842482
-0.505406
0.396022
-0.027334
-0.005929
0.307340
-0.683469
-1.089395
-0.015916
-0.930348
-0.041810
0.102008
-0.262832
-0.768145
-1.150828
-0.024344
-1.303322
-0.749917
-0.841049
-0.037628
0.896925
1.525820
0.002500
0.371567
-0.012622
-0.024684
-0.199607
-0.013052
0.569998
0.588987
-0.044130
0.397696
0.233278
0.138189
0.069025
-0.047888
0.094581
0.035865
0.766749
-0.068496
-0.089820
0.161163
-0.528105
0.598416
-0.399079
0.494227
-0.046784
1.710575
-0.024886
-0.011929
-0.039150
0.065581
0.037278
0.673765
-0.030189
-0.641206
0.580819
-0.140377
-0.653359
-0.339614
0.006842
-0.033568
-0.496106
0.255562
-0.066136
-0.434185
-0.704040
-0.063606
0.100110
-0.047600
-0.390525
0.203406
0.043868
0.194689
0.226575
-0.010431
-0.649622
-0.346578
-0.424233
-0.536437
-0.426909
-0.355200
-0.032969
0.027162
-1.919839
0.604395
-0.671876
-0.470241
-0.602985
-1.077662
0.513976
-0.197508
0.389140
-0.511437
0.294577
-0.082954
0.188630
-0.224849
-0.643529
-0.132179
0.015344
0.153289
0.195196
-0.234538
-0.073846
-0.399517
1.273713
-0.014726
-0.679842
0.804825
-0.099409
0.668494
0.011840
-1.692832
1.039887
-0.940679
-0.299175
0.369177
-0.378532
-0.409033
-0.195953
0.628819
-0.107532
1.023567
-0.438911
-0.027443
1.507680
0.033073
-0.293048
-0.215320
-0.137618
-0.987922
0.070022
0.001201
-1.194326
-0.638369
-0.282396
-0.357430
0.191092
-0.138840
0.006778
0.862598
-0.099078
-0.284180
0.125792
-0.613629
-0.107906
-0.413045
-0.427728
0.040908
-0.660026
-0.150861
-0.146641
-0.835172
-0.388935
-0.141810
0.026521
-0.266687
-0.128476
-0.034926
-0.188667
0.009980
0.113536
-0.220074
0.085796
-1.063292
-0.067196
0.772952
-0.096304
-0.093861
0.357861
-0.193916
-0.755263
-0.196231
0.891683
0.042995
-0.013132
0.007485
-0.012663
-0.041499
-0.050783
0.079766
-0.373764
-0.200260
0.752394
0.111530
-0.393805
-0.071699
-0.005340
-0.308337
0.273936
-0.035321
0.664850
-0.271540
-0.232148
-0.058717
-0.039077
0.012887
-0.622478
0.006532
-0.897437
-0.616738
0.497976
0.019959
-0.008663
0.076392
-0.389879
-0.997118
0.035004
-0.959040
0.042578
-0.967086
-0.278057
-0.465027
0.247412
-0.052552
-0.607637
-0.837392
-0.067321
0.007667
0.211341
1.308902
-0.021289
-0.031777
-0.019776
0.031915
-0.331433
0.006807
0.191001
0.287470
0.033647
-0.950337
0.037328
0.066845
0.071163
-0.135327
-0.047626
0.038508
1.283027
-0.064729
-0.161691
-0.596234
-0.602505
0.939263
-0.293665
0.217642
-0.031324
0.793321
-0.032925
-0.005641
-0.023178
0.111770
0.044454
0.263896
0.000747
-0.667970
0.482040
0.027888
-0.200958
-0.539952
-0.010360
0.034313
-0.406109
0.060576
-0.201880
-0.012256
0.079237
0.009454
-0.081153
-0.003430
-0.516397
0.001497
0.016999
1.176752
-0.170325
-0.189095
-0.625665
-0.462812
-0.427100
-0.593606
-0.892681
-0.378174
0.046241
0.014443
0.047783
0.593220
-0.759088
-1.107993
-0.548500
-0.950688
1.179688
0.267445
0.908716
0.906985
1.054566
-0.417176
-0.398540
-0.330141
0.422955
-0.358252
-0.016210
-0.116734
-1.084889
-0.354473
-0.051715
-0.361042
-0.161091
-0.000138
-0.875921
0.234650
-0.102634
0.634771
0.040613
-1.341134
0.907111
0.007490
-0.256942
0.123300
0.310761
-0.811440
-0.241029
0.927412
-0.827057
0.397006
-0.376302
0.024871
0.461987
-0.022672
-0.212140
-0.557283
-0.259980
0.385153
-0.077620
0.005041
-0.331691
-0.566186
-1.138443
0.728201
0.092156
-0.061537
0.025209
-0.651039
0.328746
0.224226
-0.441792
-0.007317
0.209656
0.552592
0.221011
-0.195980
0.945365
0.427991
-0.005670
0.178861
0.651485
0.156442
0.031669
0.179777
0.119988
-0.004352
0.371934
-0.004690
-0.046417
-0.014692
-0.106008
0.934763
0.018299
-0.905371
-0.410651
-0.094671
-0.597510
0.112900
0.530650
0.260214
-0.683967
0.012523
0.009816
0.076431
-0.016620
0.043231
-0.231050
-0.413048
0.344232
0.240108
-0.490503
0.057187
0.538062
0.018268
0.000341
0.423204
-0.309915
0.032942
-0.551912
-0.034835
0.422283
0.037383
0.060739
0.009282
0.991348
0.204727
0.734437
0.489700
-0.308982
0.022759
0.102871
-0.258128
-0.145524
0.851430
-0.007767
0.705048
0.042098
0.402621
-0.014862
0.773050
-0.040049
0.063745
0.272755
0.585707
0.031853
0.032917
-0.609040
-0.905716
-0.014915
-0.191563
0.191231
-0.037265
0.322554
0.010318
-0.302026
-0.505232
0.055860
0.140869
-0.008704
-0.056200
-0.023813
-0.359014
-0.044200
-0.016148
-0.774010
-0.154461
0.063604
0.369859
0.473965
-0.749074
0.456078
-0.545715
0.052349
-0.624310
0.160366
0.169704
-0.016440
0.035888
0.014745
-0.469287
-0.093150
0.311989
-0.524221
0.013388
0.374754
0.420516
0.013981
0.035062
0.410115
-0.130456
-0.400416
-0.001081
0.173279
-0.024763
-0.051349
-0.044882
0.422560
-0.365552
0.016699
-0.783957
-0.327083
-0.056510
0.493511
0.423841
0.596968
0.198983
0.831815
0.205580
-0.027445
-0.038836
0.122707
-0.524288
0.758359
0.596043
0.527912
1.386148
-1.066714
-0.255252
-0.919176
-0.757496
-0.550908
0.088002
0.075457
0.274477
-0.508718
0.195007
-0.019804
-0.080744
0.172541
0.495314
0.015139
0.240382
-0.477982
-0.005640
0.498964
-0.439172
-0.389547
-0.947724
0.034715
1.814774
-0.741464
0.365943
0.127163
-0.519703
-0.541007
0.280389
0.229274
-1.144373
0.134205
-0.396722
-0.023815
0.049828
-0.877867
-0.034806
0.102564
0.298814
0.096577
-0.141091
0.107312
0.038510
0.348656
0.467288
0.595371
-0.365167
0.003078
-0.163177
-0.051899
0.845397
-0.140040
-0.128839
-0.110609
-0.741495
-0.098999
-0.208786
0.001954
0.388622
-0.673933
-0.194996
-0.040994
-0.592061
-0.369218
-0.154598
0.045660
-0.223670
0.073393
0.016915
-0.211155
0.049199
-0.101250
-0.169245
-0.229690
-0.590061
0.020122
0.002318
-0.110015
-0.384566
0.228700
-0.232377
-0.081222
0.274655
0.458368
-0.033909
-0.240300
-0.081040
-0.040880
0.022229
-0.103927
0.727921
-0.179086
0.081168
1.150196
-0.094702
-0.321075
-0.029581
0.035182
-0.333311
0.051373
0.030893
0.023117
-0.420176
0.864248
0.055541
0.043324
0.042978
-0.294723
0.036264
-0.140924
-0.621422
0.057144
0.039576
0.015442
-0.093600
0.066391
-0.776118
0.035540
0.414654
0.020556
-0.739485
0.042084
0.037474
0.899543
-0.059926
0.743598
-0.195443
0.676691
-0.033873
-0.120157
-0.034710
0.093836
-0.155572
-0.039606
-0.001919
-0.176333
0.004416
-0.267207
-0.349319
-0.018779
-0.743707
-0.241839
-0.205786
0.145258
-0.099386
-0.010029
-0.039482
0.624557
-0.012749
-0.166788
-0.673926
-0.304505
0.315228
0.243826
-0.333994
-0.004767
-0.955707
0.003023
-0.007928
-0.007025
0.009457
0.026046
-0.196380
-0.063552
0.382629
0.086744
0.090434
0.389194
-0.488040
0.027384
0.026435
0.489617
-0.131071
-0.401687
0.285081
0.665704
-0.021002
-0.027648
0.038991
-0.522641
-0.280763
-0.039122
0.769187
-0.198694
-0.214262
0.673450
0.105340
-0.074002
0.460812
-0.923127
-0.236929
0.002650
-0.045971
1.529636
0.228365
0.062906
-0.931706
-0.623660
-0.918724
0.743438
0.264526
0.843951
1.261751
0.838679
-0.756382
-0.572718
-0.234597
0.581743
-0.259716
0.027208
-0.041745
-0.768100
-0.124688
-0.035708
-0.114019
-0.900685
-0.008746
0.449501
-0.420047
-0.123602
0.196472
0.011180
-1.251217
-0.068093
0.643495
0.049940
0.151192
0.477831
-0.382430
0.113694
0.108319
-0.744482
-0.779673
0.084496
0.014509
-0.832012
-0.030681
-0.179191
-0.547572
-0.309917
0.907754
-0.003433
-0.023718
0.938623
-0.038767
-0.974325
0.794849
-0.162916
-0.112949
-0.022289
0.302627
0.068729
0.013019
-0.544291
-0.555547
-0.181375
0.422945
0.041783
0.069566
-0.069473
0.263832
0.115797
0.102131
0.217387
0.015757
0.031046
-0.261030
0.294128
0.035230
0.083927
-0.035502
-0.248343
-0.278125
-0.140805
-0.207634
-0.029525
0.056159
-0.097026
-0.243463
-0.148120
0.011173
0.749458
0.243544
0.206541
-0.029424
-0.098427
-0.074406
0.032550
0.034653
-0.057811
-0.124391
0.354014
0.327875
0.347839
0.012962
0.569209
0.013578
0.018357
0.092437
0.227383
0.043849
0.200560
-0.294404
0.362698
0.040088
0.007218
-0.007519
0.715641
-0.009197
0.525415
-0.425738
-0.164320
0.007919
-0.065338
0.038093
-0.533291
0.507848
-0.029304
0.731567
-0.005632
-0.035086
0.310721
0.414543
0.307472
-0.024677
0.071841
0.437470
0.226529
0.013254
0.155367
0.094585
0.147514
0.115772
0.029339
0.026932
-0.162909
0.007825
-0.156429
-0.208178
0.041037
0.510981
-0.201872
-0.134389
0.050040
-0.026958
0.012223
0.032540
0.155976
-0.024045
0.058311
-0.174459
-0.092110
-0.387483
0.624427
-0.409366
-0.018434
-0.596082
0.076942
-0.070882
0.032100
-0.029542
-0.047934
-0.275626
0.004506
-0.260903
0.195281
0.031900
0.443707
-0.035286
-0.029561
-0.049321
0.681908
0.058531
-0.551923
0.006505
0.787870
-0.028086
-0.006031
0.010207
0.021762
-0.433239
-0.029975
0.064902
-0.066819
-0.191408
0.917901
0.168575
0.460850
0.189084
0.217783
-0.273262
0.005891
-0.020736
0.771504
-0.023969
0.612767
-0.014262
-0.152012
0.690403
-0.065939
0.141641
0.291499
0.441230
0.522490
-0.639017
-0.198018
-0.066877
-0.003285
0.232358
-0.041749
-0.103994
-0.145416
0.500655
-0.080982
-0.295402
-0.219979
-0.010215
0.363507
-0.349250
-0.079079
-0.250471
0.044417
0.780834
-0.020111
0.704807
-0.019703
0.078314
-0.006719
0.044861
0.471360
0.145379
-0.314996
-0.424592
-0.182383
-0.023805
-0.641307
0.017586
-0.086256
0.104910
-0.299180
0.477706
0.153076
0.009307
0.430845
-0.083053
0.132110
0.434191
-0.156158
