500
1
0.025105
0.069630
0.077167
0.068063
0.058550
0.048010
0.057011
0.037794
0.052608
0.071219
0.062169
-0.010761
0.120852
0.020977
0.017859
0.073463
0.101799
0.009344
0.115641
-0.058932
0.057995
0.020784
0.003177
-0.028543
0.134029
0.079035
0.065518
-0.006155
0.046998
0.113442
0.043827
0.080948
0.062360
-0.015409
0.110306
-0.031726
0.061982
0.079933
-0.004665
0.018662
0.120344
0.040464
0.058262
0.018296
-0.034161
0.091605
0.059997
0.034164
0.058048
0.074929
0.005732
0.064465
0.004277
-0.034428
0.024292
0.047505
0.021946
0.076158
0.079575
0.055029
0.048413
0.060336
0.043885
0.141317
0.087691
0.157120
-0.017560
0.034833
0.007158
0.013499
0.115922
0.021841
0.122369
0.044526
0.017528
0.010463
0.006701
0.063385
0.135224
0.051967
0.055481
0.143168
0.092895
0.093609
0.096809
0.064096
0.025964
0.107757
-0.021606
0.133564
0.024745
0.038989
0.005571
0.050212
0.037871
0.035985
0.025539
0.103708
0.109992
0.140374
0.068140
0.042899
0.052776
0.086187
0.127369
0.060578
0.078840
0.028401
0.152456
0.113382
0.039265
0.049211
0.042584
0.064077
0.076643
0.022814
0.105344
0.042356
0.107230
0.040429
0.024734
0.084832
0.041343
0.011657
-0.019453
0.050429
0.001700
0.068352
0.053392
0.035372
-0.060775
0.092841
0.057469
-0.024918
0.099867
0.049803
0.135577
0.068196
0.100245
0.093519
0.075542
0.103972
0.004047
-0.076213
0.055949
0.066805
-0.024538
0.164025
0.002082
0.028370
0.055026
0.011289
0.161400
0.033905
0.052295
0.044916
0.030009
0.144550
0.106533
0.015979
0.039143
0.075602
0.036576
0.019265
0.048211
0.016017
0.068854
0.000717
0.036919
0.119963
0.088749
-0.038453
0.081856
0.011970
0.030156
0.041304
0.031375
0.042813
0.083281
0.108864
0.070471
-0.050344
0.107228
0.096922
0.080397
0.117220
0.156956
0.158216
0.073341
0.064631
0.157936
0.115074
0.079980
0.070215
0.076305
0.074501
0.122801
-0.004069
0.102724
0.124693
0.000066
0.020637
0.076557
-0.033787
0.149699
0.021061
-0.017059
0.047771
0.026765
0.052615
0.018264
0.059900
0.099835
0.104781
0.085900
0.082513
0.046333
0.083562
0.060631
0.011994
0.021751
0.057867
0.074697
0.033147
0.051991
0.092886
0.108890
0.035601
0.041967
0.184584
0.003144
0.041924
0.042296
0.099566
-0.001233
0.093187
0.048642
0.063620
0.061754
0.003222
0.057438
-0.013182
0.126718
0.118736
0.041730
0.068100
0.067393
0.106891
0.035874
0.061619
0.016532
0.132160
0.029092
0.072777
0.092605
0.003132
0.037906
-0.045477
-0.064626
-0.013257
0.077516
0.157596
0.062404
0.123910
0.071302
0.193880
0.096823
0.099083
0.024686
0.025387
-0.002781
0.168150
0.082995
-0.001179
0.023995
0.046171
0.036962
0.079302
0.112317
0.059811
0.048716
0.070153
0.160007
0.108770
0.039380
0.060652
0.067432
0.074141
0.095257
-0.007121
-0.061431
0.061251
0.017881
0.099697
0.045528
-0.001779
0.115203
0.080976
-0.001517
0.062189
0.068046
0.033512
0.165934
0.066054
0.127829
0.045904
0.077346
0.016231
0.067103
0.056320
0.191977
0.059724
0.070778
0.048706
0.020277
0.143837
0.106361
0.120692
-0.032869
0.092898
0.062753
0.029680
0.043240
0.041725
-0.040662
0.011650
-0.000077
0.009015
0.106252
0.080335
0.003645
0.005613
0.020542
0.066421
0.034161
0.074530
0.106697
0.022900
0.024417
0.015664
0.083549
-0.011590
0.084969
0.039711
-0.018437
0.071087
0.136210
0.073402
-0.048963
-0.074467
-0.014449
0.008249
0.037805
0.031062
0.102329
0.007929
0.246208
0.099531
0.032338
0.033883
0.087678
0.057199
0.106788
0.098109
0.020123
0.016643
0.063685
0.050116
0.000788
0.042652
0.132889
-0.032452
0.028409
0.065932
0.032067
0.068652
0.082158
0.018857
0.082272
-0.020345
0.034201
0.069947
0.020890
0.051027
-0.028932
0.041748
0.066398
0.088256
0.081614
0.087375
-0.001177
0.066984
0.083746
0.060738
0.013941
0.138401
0.029984
0.078876
0.063755
0.074981
0.127794
0.129123
0.017866
0.048010
0.072749
0.059170
0.136667
0.021455
0.072533
0.114483
0.107898
0.123564
0.101214
-0.067923
0.094481
0.087792
0.089399
0.041763
0.005826
0.049185
0.062188
0.074606
0.094947
0.069108
0.075194
0.074944
0.114390
0.067522
0.072673
0.061992
0.098738
0.074859
0.087717
0.059564
0.045934
0.079171
0.069564
0.054349
0.106683
0.031960
0.014635
0.071619
0.091390
0.014421
0.059590
0.056929
0.117700
0.133459
0.111393
0.112203
-0.002362
0.098439
0.031765
0.014245
0.069749
0.072816
0.095959
0.034389
0.027319
0.081280
0.042277
0.000001
-0.003670
0.069125
0.042496
-0.025180
0.027604
0.043640
-0.035359
0.025730
0.038809
0.052213
0.001630
0.024348
0.076253
-0.001005
0.085894
0.056828
0.024501
0.121448
0.038592
-0.004031
0.061927
0.201980
0.086083
0.197813
0.081316
0.052688
0.187904
-0.051784
0.085794
0.176576
0.060727
-0.058772
-0.006750
-0.069899
0.011004
-0.006603
0.015115
0.048366
