500
1
0.015970
0.014514
0.096627
0.031175
-0.124764
-0.001156
0.120957
0.091194
0.055880
0.060763
-0.001710
0.038419
0.002254
0.043600
0.063720
0.010863
0.049516
-0.007717
-0.058242
0.016078
-0.006823
0.264974
0.074052
0.048338
0.043139
0.079720
0.014545
0.031868
0.032360
0.049328
-0.021881
0.039285
0.071684
0.106631
-0.020376
0.019063
0.047550
0.025626
0.029491
0.025800
0.060441
0.045711
0.063625
-0.054053
-0.014608
0.008817
0.030942
-0.048772
-0.022894
0.002941
0.037159
-0.026720
-0.003440
-0.063873
0.048760
-0.094472
0.019908
0.059324
0.003250
0.069574
0.037064
-0.007965
0.033412
0.033376
0.082741
0.020598
0.093984
0.048113
0.030717
0.058543
0.079811
0.063524
0.011005
0.057631
0.012356
-0.008369
0.038533
-0.007007
-0.029984
-0.179783
0.059149
0.110106
0.089524
0.057126
0.030126
0.027270
0.094102
0.110608
0.049354
0.057478
-0.041479
0.009346
0.064651
0.115998
0.134942
0.000090
0.003664
-0.025838
-0.008467
0.010256
0.045538
0.088407
0.051487
0.031723
-0.038538
0.038766
0.036713
-0.009023
0.030607
0.040694
0.046133
-0.097704
0.098997
0.009145
0.045757
0.048777
0.039118
0.026751
0.084017
0.046853
0.099654
0.149258
0.019780
0.039649
0.061527
-0.001728
0.039039
0.043788
0.016367
0.062245
0.018524
-0.120970
0.000382
-0.036329
0.091638
0.035187
0.068082
0.009315
-0.003891
0.071555
-0.012597
0.003483
0.036157
0.067803
0.091814
0.075804
0.098036
-0.038963
0.101262
0.031170
0.051197
-0.047453
0.038831
-0.062542
0.005502
0.034491
0.079467
-0.073963
0.070914
0.028604
0.018021
-0.034003
-0.053672
0.065225
0.028045
0.024527
0.053416
0.042716
0.058419
0.051792
-0.006007
0.037953
-0.049760
0.038922
0.031757
0.043336
0.034832
0.099585
0.066635
-0.033085
0.041308
0.041311
-0.050218
0.113147
0.007478
-0.028683
-0.047357
0.003200
0.052552
-0.005181
-0.002756
-0.020751
0.034850
-0.018162
-0.005439
0.017425
-0.040178
0.048224
0.050006
0.034150
0.016595
0.028041
0.111324
0.001861
-0.123779
0.025692
0.105789
0.003175
0.055956
0.038781
0.029506
0.107008
0.004525
0.094771
0.000091
0.038237
-0.008479
0.067625
0.048992
-0.049397
-0.013074
-0.000691
0.101569
0.031408
-0.008263
0.057045
0.049047
-0.040311
0.038336
0.028693
0.027718
0.000746
0.036439
0.077590
0.024564
0.028767
0.057500
0.032250
0.023908
0.007402
0.040995
0.007406
0.064643
-0.013782
0.061162
-0.010588
-0.029685
0.013349
0.024887
0.045006
0.030347
0.013518
0.148217
0.035686
0.036758
0.059920
-0.006080
0.050155
0.140125
0.046454
0.034219
-0.006177
0.062019
0.018274
0.016770
0.006354
0.045188
0.102434
-0.045731
0.069147
0.015818
0.016213
0.030018
0.073065
0.000242
0.068533
0.019837
0.000288
-0.007065
0.010647
-0.078976
-0.032595
0.068388
0.064993
0.024159
0.121849
-0.019438
0.044907
0.014298
0.092649
0.030243
0.061656
0.042114
-0.000357
0.038012
-0.055567
0.040015
-0.041504
0.038618
-0.008058
0.153309
0.071458
0.015994
-0.000715
0.017598
0.065091
0.046200
0.065586
-0.025909
-0.011243
0.045060
0.043898
-0.004956
-0.018788
-0.014425
0.047779
0.058016
0.064999
0.059303
0.057113
0.025563
-0.045018
0.061100
0.044533
0.121835
0.105670
0.023513
0.135995
-0.003786
-0.032666
-0.010266
0.075681
0.091808
0.019701
0.060324
-0.032627
0.048307
0.033513
0.043374
0.051515
0.050681
0.072964
-0.011310
0.007575
-0.005751
0.012917
0.143072
0.002437
-0.049581
0.031714
-0.032585
0.005692
0.015640
0.023922
0.034660
-0.016640
0.060185
0.138508
0.041100
0.002436
0.014240
0.060793
0.002776
0.078561
0.069004
-0.038061
0.103767
0.046740
0.038722
0.020282
0.058761
-0.071017
-0.013591
0.004413
0.043628
0.058703
0.042232
-0.002225
0.062154
-0.001248
0.067094
0.027887
0.113212
0.152186
-0.005132
0.055503
0.111881
0.067478
0.059235
0.008398
0.023551
0.039355
0.000775
0.019118
0.007634
0.153849
0.009096
0.135930
0.001195
0.034631
0.030397
-0.071928
-0.025338
0.059974
0.007643
-0.016158
-0.044213
-0.010489
-0.074290
0.130188
0.001148
0.028159
0.014627
0.000001
-0.002833
0.016504
0.017685
0.042861
0.039334
0.010909
-0.000220
-0.009117
0.009367
-0.005570
-0.025822
0.000877
0.087972
0.000854
-0.044142
0.039442
0.003549
-0.064885
0.041601
0.070043
-0.035033
0.000037
0.077379
-0.050714
-0.019552
-0.050661
0.059386
0.010948
0.029305
0.007828
0.042749
-0.017971
0.083662
0.028725
-0.024751
0.043394
-0.080288
0.076476
-0.005938
-0.007788
0.030207
0.075613
0.040277
0.006842
0.030129
0.034538
0.015713
0.071392
0.076689
0.042935
0.068468
0.051864
0.022000
0.039120
0.048728
0.031556
0.007029
0.053028
0.118475
0.061667
0.055441
0.063403
-0.067360
-0.010482
-0.009146
0.093451
0.029130
0.020699
0.082803
0.016602
0.092759
0.019717
-0.012042
0.024551
-0.006715
0.088385
0.109644
-0.021654
0.070821
0.025897
0.060994
0.105390
0.060143
0.059786
0.060852
-0.011364
