10
500
0.188484
-0.010522
0.251267
0.490475
-0.047612
0.120004
-0.037824
-0.169150
-0.221037
0.487787
-0.184956
0.138663
-0.049198
0.008680
0.171459
0.089849
0.141483
-0.120867
0.199216
-0.132243
-0.718523
-0.774218
-0.339723
-0.577582
0.021271
-0.171682
-0.061412
-0.147458
-0.325629
0.187994
-0.390748
0.483617
-0.480736
0.390219
0.293133
-0.011271
-0.589306
0.131651
0.141980
0.158071
0.368234
0.188358
0.124612
-0.319705
0.284766
-0.187339
-0.222671
0.210078
-0.517284
0.120585
-0.825705
0.202572
0.087221
0.243660
0.248216
0.190485
-0.172505
-0.484855
-0.094851
0.051460
-0.018462
-0.006733
0.224286
-0.190140
0.291480
-0.278552
-0.262310
-0.011419
0.257621
0.025538
-0.171931
0.104678
0.140736
-0.061270
-0.617348
-0.152692
-0.144403
0.089136
-0.418978
-0.402296
-0.046225
0.755924
-0.208410
-0.170969
0.631835
0.009194
0.217723
-0.352783
0.074142
-0.158105
-0.201965
-0.076320
0.218878
0.747366
0.492242
0.157646
0.101650
0.079863
-0.027329
-0.192539
-0.310797
-0.293707
0.072141
0.116565
0.333114
0.312733
-0.027701
-0.241240
0.128924
-0.169446
-0.149127
-0.935583
-0.172613
-0.894089
0.350896
-0.483527
0.512486
-0.243759
-0.225838
-0.505636
0.099193
-0.711229
0.874877
0.176225
0.485144
-0.048230
0.250670
-0.188063
-0.133959
0.344938
0.331552
0.606868
-0.052304
0.067731
-0.362521
-0.007089
-0.483943
-0.918252
-0.271060
-0.228863
0.119764
0.266033
0.875893
0.206172
0.304453
0.600764
-0.146053
0.009100
0.431648
-0.012752
-0.129349
-0.374699
0.471353
-0.443571
-0.573332
-0.295552
1.422307
0.454017
0.384861
0.194152
0.185248
-0.000199
0.336499
-0.047514
-0.036560
-0.236327
0.084164
0.133917
-0.151525
0.619467
0.042409
-0.593193
0.285331
-0.031372
0.106452
-0.327850
0.062570
-0.659603
0.078758
0.302853
0.403611
0.753812
0.953448
0.247548
0.195370
-0.190798
0.672096
0.173724
-0.962473
-0.021615
0.158158
0.179525
0.023723
0.127067
-0.205637
0.281501
0.174305
0.413404
0.594915
0.268660
-0.272359
0.523691
-0.605739
-0.122718
0.355358
0.354554
-0.169822
0.196204
0.060773
-0.124500
-0.108006
0.359736
0.133149
-0.695026
-0.098637
0.058578
0.466528
-0.236139
0.208453
-0.606520
-0.124939
0.089541
-0.521082
0.263152
0.333223
-0.367307
0.320468
0.497669
-0.262978
0.152485
-0.221037
-0.064739
-0.102947
-0.437578
-0.587563
0.123025
0.479648
-0.290054
0.153570
0.053465
0.530771
0.186072
0.164469
0.993454
0.717509
0.868806
-0.293194
0.655125
-0.442669
0.179304
-0.741092
0.322157
-0.109690
-0.231751
-0.613986
-0.368426
0.429240
-0.336006
0.087450
-0.489994
0.318745
0.069658
-0.540972
-0.419838
-0.347417
-0.048264
-0.283176
-0.312279
-0.134378
0.046047
-0.346549
0.103460
0.016664
0.197134
-0.117783
-0.453410
-0.111038
-0.213454
-0.659327
0.413304
0.061426
-0.379747
0.048783
-0.456961
-0.332760
-0.142676
0.204567
-0.585977
0.256568
-0.135039
0.137706
-0.071058
-0.194765
0.209214
-0.313653
0.739655
0.533166
-0.097096
0.118985
0.080454
-0.619986
-0.903201
-0.657057
-0.121710
-0.165405
-0.025784
0.382518
0.073506
0.136062
-0.722101
-0.396197
0.330692
-0.034176
-0.062753
-0.223143
0.521001
0.184509
-0.213005
0.203988
0.097409
0.430822
-0.208756
-0.626669
-0.022630
0.659249
0.068584
-0.482312
-0.128962
0.606706
0.552098
-1.080007
-0.493028
-0.465378
-0.274583
0.124159
-0.370783
-0.017676
-0.145305
-0.275012
0.519700
0.187777
-0.536407
0.026413
-0.038251
0.022100
-0.708510
0.219858
0.152886
0.555660
-0.192038
-0.193269
-0.020380
-0.267768
-0.383737
-0.233903
-0.042522
0.091527
0.497352
-0.596603
-0.081975
-0.282430
-0.300512
0.163547
-0.107512
0.203614
-0.253182
0.198555
-0.422612
-0.244481
0.283702
0.019114
-0.083762
0.135761
0.741053
0.644064
-0.227113
1.347454
-0.146572
0.243987
0.040109
-0.526698
0.451939
0.012036
0.004463
0.174139
0.545329
0.127285
-0.286507
0.186344
-0.226283
0.037254
0.166362
-0.081288
0.299790
0.305371
-0.248854
-0.085444
-0.216129
0.092334
0.506355
-0.217083
0.399520
0.858785
-0.426653
0.123047
0.150380
0.101541
-0.092879
-0.359437
-0.306324
0.440505
0.161951
0.167726
0.216598
-0.215320
-0.129396
-0.164805
-0.112431
-0.179852
0.583965
-0.247213
-0.186501
-0.124384
-0.141881
0.060156
-0.026129
0.136155
0.185923
0.517339
0.168292
-0.379193
0.170242
0.376658
-0.154825
-0.378337
-0.082292
-0.072726
-0.441991
0.048449
0.080544
-0.440661
0.195300
0.044934
-0.046762
-0.242268
0.166763
-0.233778
0.253359
-0.174507
-0.551117
0.274725
-0.142806
0.123853
0.144248
0.023263
-0.423211
-0.236619
-0.080681
-0.082258
-0.613215
-0.059765
-0.740835
-0.303248
-0.215040
-0.604544
-0.088410
0.061307
0.844043
1.027408
-0.207457
-0.021229
0.110582
-0.717468
-0.054570
-0.238045
-0.152362
-0.380384
0.273126
0.917674
0.934735
-0.287520
0.122294
-0.228382
0.068966
-0.428936
0.046373
0.256684
-0.388701
-0.163433
0.234510
-0.719451
0.624584
-0.297089
-0.529419
-0.247327
-0.143493
-0.694740
-0.484692
0.061929
0.039359
-0.244635
0.151288
0.359789
-0.134061
-0.425783
-0.263615
-0.563133
0.022033
0.550849
-0.077843
0.193281
-0.429454
-0.073146
-0.010398
0.125325
-0.230023
-0.319569
-0.009944
0.124367
-0.622001
-0.012678
-0.282233
0.305976
0.196298
-0.059745
0.470388
-0.017186
0.212215
0.905294
0.136046
-0.143074
-0.337346
0.050341
-0.256960
-0.042845
-0.223466
0.227182
-0.208884
0.213755
0.257318
-0.116057
-0.121292
-0.146228
-0.253506
-0.520509
-0.298904
0.716717
-0.043398
-0.051181
0.329461
0.352646
-0.418392
0.032352
-0.444597
-0.454373
-0.588095
0.211219
0.162232
0.031228
0.185460
-0.483809
0.402580
0.130084
-0.205555
-0.165349
0.017875
-0.659855
-0.339138
0.581646
-0.478278
-0.013365
-0.238012
0.198758
0.599459
-0.070778
0.166773
-0.066104
-0.869756
0.427352
0.239099
-0.386982
-0.409113
-0.207290
0.109771
0.240051
-0.529602
0.193419
0.358576
0.356942
1.035547
0.230197
0.189178
-0.460446
-0.393672
0.164308
-0.143793
-0.127324
-0.187737
-0.150711
-0.202042
0.037620
-0.093881
0.229599
0.006548
-0.328402
0.290174
-0.185692
0.242563
-0.080550
0.001828
-0.130790
-0.385497
0.448242
0.217195
-0.675737
1.132952
0.153115
-0.143144
0.480694
0.138106
0.143814
-0.022725
-0.143979
0.056283
0.357156
0.122005
0.156920
-0.330837
0.606539
-0.213139
0.702770
-0.463363
0.128112
0.391622
-0.074281
0.015373
0.115034
-0.657038
0.027845
0.485490
0.248675
0.385833
-0.401222
-0.066174
-0.044953
0.057618
-0.045426
-0.083027
0.625012
-0.253686
-0.170334
-0.328710
0.071841
-0.114416
-0.166666
0.050813
0.233637
-0.780135
-0.067609
-0.466999
0.059434
0.039228
-0.327825
0.149343
0.538515
0.545412
-0.210733
0.398710
0.244510
-0.410326
-0.041771
0.028522
0.776964
0.269103
-0.156339
-0.168241
-0.506120
0.491772
0.035321
0.382446
0.260280
0.019340
0.101805
-0.251338
-0.013657
-0.662800
-0.394485
-0.212763
0.957875
-0.220270
0.222763
-0.427754
-0.440138
-0.515347
-0.016230
-0.286517
-1.009502
-0.527022
-0.217858
-0.306326
-0.451087
-0.476804
-0.297192
-0.075626
-0.342903
0.297179
0.196031
-0.194777
0.112247
-0.295269
-0.092373
-0.270182
-0.064048
0.608623
-0.175414
0.142648
0.119161
0.512132
-0.217281
-0.555843
-0.562996
-0.013547
0.530981
0.115135
-0.036285
0.459080
-0.219612
-0.079587
-0.381504
-0.037696
-0.368031
0.183002
0.482468
0.475029
-0.098690
-0.288479
-0.168775
0.367029
0.600356
-0.060827
-0.215303
-0.104947
-0.279289
-0.264610
-0.205939
-0.490663
-0.244652
-0.603679
-0.131490
-0.468195
0.422723
-0.307333
0.191355
-0.026522
0.126553
0.671766
0.358093
-0.170303
-0.208300
-0.030666
0.306950
0.160023
-0.347903
-0.277379
-0.003479
-0.503542
0.057030
-0.281142
0.355218
-0.337911
-0.255810
0.195876
0.110718
-0.199560
-0.201974
0.151262
0.713457
-0.397254
-0.081839
0.042019
-0.124831
0.350815
-0.209563
-0.115738
1.156086
0.614925
-0.116414
0.639841
0.510801
0.538212
0.025736
0.081733
0.713181
0.166803
0.591364
-0.626817
-0.080464
0.109181
-0.012016
-0.075909
0.457548
0.506818
-0.157369
-0.239001
-0.071724
0.211815
0.086751
-0.200666
0.418850
-0.057272
-0.178749
-0.615531
0.024978
-0.145586
-0.197982
-0.222371
-0.492913
-0.059731
0.439391
-0.343800
-0.200864
-0.273178
0.448230
0.342988
0.056864
0.586358
0.155258
-0.316217
-0.614907
-0.087480
0.729186
-0.204385
0.300014
-0.659284
0.181889
-0.447053
0.323500
0.923718
-0.160338
-0.045924
0.388826
0.552538
0.113243
0.168964
0.024161
-0.151956
0.240224
-0.193216
-1.251610
0.382980
-0.822116
-0.013376
-0.242198
0.713543
0.156060
-0.002450
0.127522
-0.213655
-0.516045
0.155532
0.329246
0.031191
0.862268
-0.766154
0.108933
-0.146203
0.027396
0.269679
-0.348766
0.064672
0.164623
-0.385723
0.176916
-0.233133
0.236321
-0.273227
-0.058638
-0.058318
0.011474
-0.034578
-0.252278
-0.026808
-0.361152
0.070209
-0.817212
0.476650
0.094720
0.112603
0.088718
-0.368436
0.171910
0.086861
0.193570
0.449412
0.004913
0.136042
-0.131970
0.676687
0.028489
0.201740
-0.294570
-0.303659
-1.087527
0.582109
0.275728
0.151269
-0.277898
0.526802
0.499274
-0.391146
-0.396537
-0.073195
0.007105
-0.095737
0.243311
-0.127470
0.067391
0.017358
-0.019313
-0.336415
0.132166
0.006398
-0.468243
0.067543
-0.400946
0.152273
-0.112220
-0.735746
-0.810531
0.025632
0.083012
-0.050920
-0.041942
-0.653213
0.273687
0.103763
0.517391
-0.073237
-0.374851
-0.185613
0.550695
-0.203016
0.106090
-0.205872
0.393253
0.387746
0.725656
-0.116284
0.185472
0.513638
-0.461170
0.793573
-0.207046
-0.258094
-0.106746
0.665723
-0.373730
-0.190518
0.415892
0.256924
0.260936
0.706951
-0.076963
0.105903
-0.153488
-0.160355
-0.409243
-0.504769
0.568705
-0.884044
0.049225
-0.167848
0.243349
0.721816
0.405057
-0.151106
-0.378513
0.068990
-0.710506
-0.152303
-0.214155
-0.233017
-0.217509
-0.667605
0.598312
-0.238871
-0.619788
0.507193
-0.078320
0.066636
0.486236
-0.575161
0.170775
-0.460616
0.052836
0.809201
0.123930
-0.005064
0.374956
0.008506
0.050169
-0.319898
0.349458
0.093213
0.552921
0.053061
-0.245743
-0.493313
0.008318
-0.523029
-0.390501
-0.698175
0.161059
-0.002432
0.239408
-0.048728
-0.102580
-0.081734
-0.543998
0.347505
-0.951535
-0.515525
0.072180
0.322047
0.049512
-0.458945
-0.195547
-0.125076
0.551198
0.338245
-0.319444
-0.270171
-0.431677
0.983025
0.188516
0.048772
0.202154
0.299783
0.330880
-0.457662
0.126843
0.163904
0.253463
-0.268001
-0.396283
-0.048600
0.534539
-0.085910
-0.863664
-0.214691
-0.038550
-0.163948
0.074900
0.008816
0.023480
-0.447494
-0.084741
-0.094915
0.340586
-0.518671
-0.730446
-0.215420
0.546732
0.060292
-0.098149
0.336109
0.173887
-0.137409
0.633748
-0.368717
0.262430
0.069072
-0.033459
0.069139
0.297282
0.266589
-0.283389
0.835812
0.233317
1.070486
-0.270953
0.097504
0.195326
0.334319
-0.864767
-0.203134
-0.503819
-0.785483
0.048627
1.255120
-0.707770
-0.115094
-0.235061
0.248597
0.992402
0.202852
0.185924
0.370822
-0.087524
-0.131170
-0.423953
-0.251867
0.335695
0.441414
0.678146
0.261390
0.258693
0.223184
0.177429
-0.153394
0.094772
0.177864
-0.492073
-0.530448
0.233180
-0.955467
0.125199
0.144600
-0.308508
-0.186971
0.383602
0.765944
-0.565355
-0.539184
0.438801
-0.023140
0.072959
-0.161973
-0.542378
-0.393268
0.168959
0.140530
-0.072247
-0.629682
-0.253313
0.058978
0.582829
1.001696
-0.167786
-0.191068
0.247272
0.262390
-0.759062
-0.594814
0.225369
-0.119053
0.111222
-0.765742
-0.672824
-0.206829
0.295568
-0.012459
-0.051032
-1.043194
0.049435
0.015798
-0.682364
0.020456
-0.007459
0.026006
-0.350039
0.784430
0.334092
-0.115662
-0.412577
0.614985
-0.263950
-0.288775
-0.319528
-0.240206
0.102550
0.189140
0.366159
0.236808
0.076152
-0.363348
0.363471
-0.313782
-0.021396
-0.105601
-0.064760
-0.229554
-0.493425
-0.547279
-0.047131
1.012725
0.325587
0.050155
-0.251789
-0.145419
-0.117669
0.341700
0.454488
-0.552467
0.023047
0.051554
0.372530
0.304899
0.421997
-0.456690
-0.214900
-0.331677
-0.349181
0.151747
0.040610
-0.054649
0.344662
-0.627769
-0.514047
-0.380083
-0.269196
-0.464117
0.089130
-0.002375
-0.084620
0.149889
0.384345
1.304190
-0.381134
-0.435525
1.276847
0.210272
0.011277
-0.278908
1.127063
-0.042798
0.453804
0.123876
-0.040644
-0.180987
0.357478
-0.203348
-0.181300
0.194697
0.033493
0.723682
0.464045
-0.193687
0.181410
0.257635
-0.150013
0.163649
-0.321412
-0.587201
0.347999
-0.115394
-0.713365
-0.266680
-0.507944
-0.196279
0.064615
0.305467
0.506404
-0.103849
0.103436
-0.049121
-0.490229
-0.201625
0.532739
-0.341145
-0.103214
0.182229
-0.938268
0.313143
0.084487
0.057930
0.345332
0.571690
-0.209463
-0.363739
0.481041
-0.092501
0.245475
0.268400
0.146940
0.287116
-0.232136
-0.259922
-0.219744
-0.207013
1.124844
0.259665
-0.082252
-0.081312
-0.719062
0.459819
-0.124238
-0.262367
-0.434009
-0.498059
-0.098509
0.399996
0.440756
0.026927
-0.069982
-0.267709
-0.245004
0.578185
-0.319511
0.311167
0.521275
0.606336
-0.026415
0.190810
0.374387
0.112942
-0.295548
0.293375
-0.485813
1.171475
-0.177245
0.514906
0.194032
-0.064791
0.079687
0.425342
-0.510893
-0.077767
0.859438
-0.233292
-1.182652
-0.404284
-0.343929
-0.004326
-0.325936
-0.014943
0.833157
0.134938
0.514340
0.895567
0.344023
0.345970
-0.085698
0.438436
-0.375097
0.865776
0.651887
1.158311
-0.117040
-0.191908
0.684034
0.723937
-0.151943
0.045039
0.007549
-0.363425
-0.057682
-0.047206
0.269764
0.615421
-0.161956
-0.163466
-0.129222
-0.643949
0.294084
0.086000
0.242581
-0.773997
0.589780
0.135080
-0.606205
-0.182161
0.249957
-0.119119
0.017216
0.417225
-0.113256
0.558440
-0.211862
-0.273421
-0.198638
-0.216707
0.240374
-0.114280
-0.046886
0.008757
0.301252
-0.079195
-0.176240
0.239280
0.306846
-0.139772
-0.975762
-0.150436
0.625791
-1.081009
0.245747
-0.233509
0.000611
-0.371056
-0.130471
-0.285840
0.345010
0.026322
0.502589
0.288570
0.134767
-0.650714
0.056609
-0.716504
-0.099337
-0.191114
0.955706
0.369165
0.082280
0.045912
0.115297
-0.415911
0.767194
-0.227572
0.853207
0.676282
0.342553
-0.158143
-0.055565
-0.268292
-0.346602
0.061653
0.380109
-0.675860
0.042087
0.018236
-0.325826
0.167204
-0.109918
0.214442
-0.236112
-0.164467
-0.304165
-0.177002
0.497436
-0.450873
0.929083
-0.558676
-0.382904
0.144017
-0.024912
0.537019
-0.169654
-0.017712
-0.392612
-0.236431
-0.364022
0.143282
-0.354747
0.310946
-0.258655
-0.058616
-0.722096
-0.601209
-1.579682
-0.421440
-0.113482
-0.218204
-0.186608
0.666774
0.496067
0.353861
0.046062
-0.225383
0.361080
0.370834
0.135209
0.397957
-0.353111
-0.319636
-0.038323
-0.324816
0.004224
0.109434
0.533970
-0.431704
0.325246
0.614369
-0.416399
-0.547982
-0.280244
0.258595
-0.332007
-0.450702
-0.258632
-0.135475
-0.333228
-0.557795
-0.220437
-0.207615
0.045573
-0.006622
-0.314198
0.540992
0.210853
-0.092934
0.247050
0.166648
0.244710
0.729599
0.158263
-0.112937
0.390117
-0.507822
-0.206062
0.954404
-0.465367
0.510284
-0.031711
0.441898
0.239520
0.409686
0.134072
0.047145
-0.054239
0.941552
-0.048658
0.327503
0.356024
-0.011722
0.743024
0.223452
-0.315413
0.303770
0.252399
-0.171496
0.132387
0.095050
0.123277
-0.463799
0.017212
0.026285
-0.803726
-0.015231
-0.014516
0.147665
-0.834675
-0.218490
-0.264017
1.168966
-0.487019
-0.218104
0.262487
0.356315
0.604133
0.127898
-0.197809
-0.087547
0.210416
0.232394
0.694804
-0.193632
0.602832
0.262152
0.190810
-0.320630
0.152412
0.071555
-0.752058
0.409819
0.422350
0.468023
-0.168370
0.708677
-0.698454
0.256630
0.065879
-0.065465
-0.156893
-0.163485
0.136444
-0.130824
-0.607802
0.334965
0.368340
-0.563151
-0.098237
0.061138
0.552390
-0.204916
0.344865
0.155834
-0.262983
-0.121073
0.811376
0.184922
-0.022339
0.352834
0.137061
0.159876
0.516713
-0.036806
0.292684
1.105827
0.786136
0.075640
-0.057279
-0.343749
0.336914
0.033732
-0.087849
-0.546322
0.035195
-0.136011
0.099776
0.228827
-0.309050
0.101707
-0.461582
-0.410279
0.250925
0.006104
-0.217989
0.146196
-0.298664
0.260909
-0.690804
-0.388374
0.186537
0.254489
-0.228024
0.066270
0.483210
0.261911
0.296928
0.202938
-0.435975
0.166844
-0.167646
-0.083683
-0.581258
0.161403
0.624194
-0.377617
0.016511
-1.579753
-0.251356
-0.786422
-0.004459
0.353638
0.579594
0.325354
-0.543291
-0.050834
-0.087873
-0.390605
0.033856
0.063704
0.538569
-0.511966
0.141322
0.114930
-0.115104
-0.166382
-0.163784
0.212698
-0.239871
0.069614
0.105308
-0.017861
-0.588706
-0.951830
0.485818
0.214652
-0.064674
0.335438
-0.390278
0.027619
-0.103598
0.025148
-0.244407
0.533527
-0.188424
-0.683548
-0.011667
0.662166
-0.656950
-0.031073
0.453196
-0.344266
0.431663
0.880994
0.104168
-0.562724
-0.238070
0.156937
-0.347115
0.303424
-0.036009
0.801701
-0.423908
-0.065292
0.687425
0.107385
-0.175329
-0.303245
-0.164983
0.012228
0.126923
0.358820
-0.137290
-0.618483
-0.336733
0.304537
0.124541
-0.020408
0.558592
0.095648
-0.782879
-0.033868
0.059200
-0.264052
0.311030
-0.005907
0.233306
-0.179558
-0.046012
-0.126708
0.028028
0.000874
0.906151
0.074497
1.317245
-0.016187
1.071081
-0.458244
-0.008291
-0.150186
0.283419
0.333543
0.090979
-0.395669
0.010511
-0.236901
0.700398
0.157871
-0.351219
-0.216036
0.823346
-0.420362
0.268552
-0.422334
-0.127049
0.029768
-0.263163
-0.199079
0.141277
0.076875
-0.046574
-0.623281
-0.081925
-0.564055
0.224378
-0.353328
0.003285
-0.164488
-0.174686
-0.398693
-0.382222
0.220240
-0.449778
0.559529
0.448001
-0.120524
-0.045147
-0.058944
1.197617
0.393722
0.328367
-0.408261
0.784267
0.147771
-0.408808
0.409590
0.056081
0.287166
-0.578907
-0.099971
0.130352
-0.376411
-0.133555
-0.290421
0.460266
0.393601
-0.309520
-0.442074
0.460196
0.119221
-0.350432
-0.148461
0.048570
-0.282839
1.082171
-0.374703
-0.376258
-0.188315
0.171094
-0.127666
0.064784
-0.738988
-0.347120
0.013068
0.005633
-0.108397
-0.779386
0.100019
0.185819
-0.161276
-0.082607
0.003522
0.864328
0.799073
0.241994
0.297800
0.327313
-0.508738
-0.067677
-0.096923
0.067728
-0.514674
-0.065434
-0.082164
-0.637559
0.204368
0.262414
-0.373535
0.386192
0.093770
0.150716
-0.577782
-0.390071
0.512419
-0.486715
-0.008443
-0.512708
0.501255
0.664944
0.054856
0.022160
0.020595
0.705310
-0.706233
0.120258
-0.075265
0.216964
0.095374
0.165090
0.021286
0.202121
0.678022
-0.042690
0.237885
0.082508
-0.118885
0.687579
0.011684
0.303290
-0.130630
0.023848
-0.099213
-0.176423
0.309959
0.056570
0.212521
0.122063
-0.314001
-0.143411
0.950797
-0.157035
-0.077262
-0.343629
-0.656214
-0.288294
0.140369
0.365656
-0.534906
0.170587
-0.443247
-0.377542
-0.105709
-0.030997
0.171962
-0.016138
-0.182240
-0.343813
0.091001
0.531181
-0.002652
0.635755
-0.586251
-0.433535
-0.371989
0.752999
-0.254257
-0.012234
-0.089948
-0.142946
1.102488
0.614490
-0.149606
-0.442414
0.473843
-0.035912
-0.111571
0.521779
-0.062908
0.320176
-0.051509
-0.002238
-0.218828
0.123172
-0.150685
-0.458278
0.649269
0.189056
-0.405202
0.252233
0.009918
-0.093648
0.211490
0.338014
0.058853
-0.143993
0.326483
0.084423
-0.089080
0.474154
0.018819
-0.305098
-0.127132
-0.304477
-0.147324
-0.200783
-0.214655
-0.144863
0.048852
-0.222105
-0.287187
-0.616203
-0.178488
0.007977
0.231781
0.015614
0.029722
0.045147
0.149841
-0.330175
-0.216840
-0.528659
-0.060952
0.583648
-0.201529
-0.345293
0.278815
0.086952
0.537349
-0.202040
0.197666
0.252480
0.221211
0.222117
-0.305707
0.018156
-0.412893
0.133368
-0.658748
0.585105
0.226014
-0.339774
0.325896
0.438080
0.114540
-0.842949
1.137142
0.625174
0.376914
0.184568
-0.301084
-0.450335
-0.391664
0.220685
-0.406973
0.317298
0.539308
0.096931
0.198010
-0.694219
-0.258037
0.019506
0.021071
0.351826
0.273556
-0.050611
-0.153719
0.667733
-0.252579
-0.308646
0.741175
0.340861
0.885366
-0.789592
-0.023740
0.274312
-0.554856
-0.089160
-0.190582
0.260802
-0.959352
-0.282550
-0.198170
-0.518703
0.451451
-0.233922
-0.220943
-0.145581
0.157173
-0.023231
-0.518265
-0.149011
-0.025858
0.066774
-0.014503
-0.666235
-0.440797
0.839920
-0.515878
0.316895
0.091770
-0.095133
0.232441
0.080121
0.329374
0.017701
0.045846
0.100204
0.316957
0.139353
-0.181251
-0.534169
0.088229
-0.242916
-0.280585
-0.393738
-0.015228
-0.553353
-0.122685
-0.361247
0.150141
0.014431
-0.009276
-0.090345
0.196679
0.258342
0.298646
0.196154
-0.959165
0.040291
0.145843
0.629750
-0.031591
-0.120400
-0.410517
0.453148
0.133212
-0.027333
0.248579
-0.116959
0.230773
-0.476882
0.441200
0.724418
-0.618291
0.381315
0.482170
-0.230502
0.380315
0.288316
-0.291877
0.438259
0.720181
-0.505541
-0.064637
0.310496
-0.124288
-0.377148
-0.963511
-0.167471
-0.248483
-0.210378
0.434523
-1.128360
-0.032170
0.170315
-0.620979
-0.226537
0.235382
0.451772
0.530710
-0.362412
0.132928
0.065236
0.087960
-0.052090
0.072640
0.289141
0.158009
-0.195229
-0.264278
-0.619679
0.082868
-0.424266
-0.078209
0.088170
-0.499637
0.947178
0.581167
0.340078
0.643974
-0.321228
0.325175
-0.152263
0.143267
0.290283
-0.042013
0.050826
0.782975
-0.382370
0.122585
-0.344804
-0.210920
0.461415
0.131949
-0.421512
0.472647
-0.312576
-0.045590
-0.199626
-0.315121
-0.517688
-0.007697
0.566593
-0.451746
-0.097936
-0.107170
0.254408
0.008966
-0.323652
0.164182
-0.982390
-0.058385
-0.122369
1.094460
0.525400
-0.500551
0.106361
0.288134
0.198175
0.168663
-0.603263
0.155171
-0.683899
0.717031
0.160106
-0.386240
0.337916
-0.742302
0.203319
-0.366116
-0.059437
0.181122
-0.368884
-0.073242
0.521563
0.264590
-0.229642
0.216236
0.231442
0.044326
-0.099374
0.252986
-0.894885
0.224543
-0.082409
-0.613087
0.076330
-0.066416
0.154859
-0.750500
0.142627
-0.546375
0.928624
0.065077
0.005948
0.565084
-0.115983
-0.311153
0.346767
-0.514746
-0.196921
0.165868
-0.515297
-0.477267
0.544182
0.363776
1.080333
-0.072546
0.137239
-0.224171
0.181396
-0.450576
0.434874
0.684443
-0.067414
0.324055
0.297162
-0.861515
0.050935
0.695574
0.131247
0.052764
-1.008415
0.346419
-0.176109
-0.334490
-1.179048
0.122323
-0.099670
0.100797
0.440006
0.296182
0.277080
-0.014866
-0.084143
-0.247033
-0.302080
0.302212
0.135695
-0.025427
-0.205810
0.125614
-0.570901
0.033243
-0.398278
0.035663
0.085161
0.070286
-0.052319
-0.344534
-0.137166
-0.982522
0.270093
0.366291
-0.112183
0.294805
-0.084063
-1.029465
-0.225323
-0.056411
0.190744
0.279919
0.810212
-0.052682
-1.129632
0.505628
-0.114415
-0.219806
0.065468
0.129575
-0.142739
0.072701
-0.074350
0.197583
-0.163139
-0.569563
-0.222544
-0.197583
-0.010712
0.399257
0.205778
-0.214658
0.321915
1.126619
-0.234107
-0.317751
-0.437647
0.160529
-0.354980
-0.434908
0.315712
-0.328354
0.101028
-0.158408
0.008844
-1.035941
0.398303
-0.213997
-0.228718
0.080260
0.520884
0.391478
0.185828
0.443074
-0.074193
-0.019518
0.109050
-0.417534
-0.119276
-0.192634
0.172202
0.168523
-0.280284
-0.287740
-0.694831
-0.096261
-0.180866
0.597820
-0.118397
0.201971
0.258671
0.263265
0.028671
0.275796
-0.594310
0.319854
-0.231000
0.278007
-0.401304
-0.418983
-0.085406
-0.586115
-0.330873
-0.536111
0.075862
-0.162254
1.049133
-0.323088
-0.572173
0.179291
-0.217692
-0.324440
-0.266764
-0.082763
0.145151
-0.154141
0.381954
0.399784
0.127716
-0.121575
0.050668
0.217583
0.535390
-0.256506
-0.418788
-0.237063
-0.500938
0.053912
0.194152
0.402906
0.128404
0.130235
-0.202261
0.541441
0.268123
-0.127179
-0.308506
0.018887
0.000349
-0.298274
-0.160523
0.533950
-0.148467
0.556757
0.472312
0.106751
0.212959
0.088716
0.039799
0.280823
-0.100481
-0.651963
-0.602841
-0.189494
0.127027
-0.206826
0.167921
-0.131139
0.074817
-0.524439
-0.512283
0.406870
0.507050
-0.284952
-0.084539
0.297650
0.332146
0.199346
-0.233342
0.209590
-0.440933
0.189938
0.269135
0.052129
-0.141329
0.057657
-0.200942
-0.369487
-0.714835
0.915029
-0.047124
-0.163162
-0.290798
-0.247055
0.013096
-0.848060
-0.626861
-0.114245
0.420773
0.233806
0.051183
0.128962
-0.000740
1.047688
-0.190815
0.021315
-0.162293
-0.141990
-0.097573
0.100190
-0.358904
0.155339
0.195590
0.032663
-0.269745
-0.019445
-0.003094
0.003849
-0.368450
-0.173991
0.222605
0.196334
0.380044
-0.059761
0.057015
-0.031116
0.028979
-0.036088
0.058707
0.115199
0.425899
-0.057113
-0.099834
0.353364
-0.096354
0.395805
0.501143
0.400063
0.780388
-0.013474
0.289836
-0.218336
-0.150763
0.054620
0.079501
-0.814105
-0.564144
0.504150
-0.198849
0.181456
0.994531
-0.236366
0.281405
0.076042
0.762172
-0.709266
-0.365019
-0.429095
1.071962
0.611958
-0.260452
0.943933
0.343393
-0.418114
-0.984265
-0.086582
-0.023843
-0.162195
0.844908
0.838849
0.808729
-0.058369
-0.715725
-0.011531
-0.163016
-0.342486
0.325863
0.121291
-0.381471
-0.145567
-0.278098
-0.552159
-0.333513
0.033042
-0.120208
-0.333257
0.158837
-0.538985
0.263687
0.016272
-0.788679
-0.410702
0.771903
0.187695
-0.474871
0.245344
-0.304327
0.315894
0.077028
0.739795
0.311607
-0.120808
-0.695528
-0.244450
0.196599
0.119624
0.031005
0.862855
-0.215652
-0.117763
0.395610
0.666041
0.160107
-0.110815
0.258228
0.163762
-0.191553
0.373133
0.198208
0.601817
0.144961
-0.569983
0.916709
0.072994
-0.342317
0.335232
0.254748
-0.277903
-0.124705
-0.374536
-0.337649
-0.274563
-0.529769
-0.108911
0.006000
-0.323840
-0.336866
0.854946
0.251679
0.129289
-0.298629
0.226284
-0.362208
0.290725
-0.903084
-0.232233
-0.365270
0.104794
-0.832204
0.471358
0.820488
0.023407
0.797621
0.886145
-0.530011
-0.231304
-0.306478
-0.154218
-0.369237
-0.546372
-1.160146
-0.020921
0.866578
-0.112539
-0.162218
-0.722499
0.459129
0.111103
1.016260
-0.093470
0.543807
-0.010869
0.848636
0.713263
-0.060073
-0.518609
-0.245545
0.130729
0.557494
-0.100132
0.291331
0.042336
-0.059737
-0.682407
0.016604
-0.208179
0.064323
0.637152
-0.002854
0.315138
-0.647049
-0.043614
0.346852
-0.196557
-0.092983
0.071446
0.057652
-0.973108
0.067912
-0.134075
0.278129
-0.360208
0.226821
0.201616
0.052621
0.142191
0.434028
0.498007
-0.217737
0.236095
0.286144
-0.234261
0.078683
0.363278
-0.061340
0.088298
-0.184394
-0.008426
0.025359
0.758675
0.740248
-0.150076
0.204156
0.047769
0.149225
-0.708672
0.041191
-0.105332
0.086016
-0.083577
1.455725
-0.230647
0.228075
-0.095318
0.361208
-0.154276
0.278250
-0.416921
-0.037412
-0.412842
0.121484
0.355811
1.098437
-0.173808
-0.591502
-0.082578
-0.371711
-0.431011
0.039547
0.208449
-0.348692
-0.789614
0.675576
0.033148
0.103343
0.150831
0.080802
-0.274361
-0.467273
-0.259708
0.219797
0.266679
0.035214
0.232921
0.076817
-0.075006
0.033537
0.091101
-0.858240
0.901604
-0.113610
-0.173127
-0.756113
-0.061098
1.201505
0.103256
-0.027911
-0.349001
-0.276194
0.288170
-0.039459
-0.322948
-0.531524
0.662333
0.238792
-0.113946
-0.406143
0.207959
0.632229
0.085679
-0.380084
-0.007809
0.191195
0.264699
0.381648
0.176457
-0.215132
1.179243
0.373280
-0.253672
-0.056133
0.117883
-0.945640
-0.090893
-0.251843
-0.194674
-0.300366
-0.236697
0.504095
-0.180269
-0.632279
-0.013063
-0.296350
-0.602202
-0.237035
0.349687
0.243621
0.101985
0.209346
-0.089722
1.080193
0.284854
0.119244
-0.156513
0.066408
0.128623
-0.282644
0.036746
-0.060058
-0.628024
-0.865056
0.530984
0.425849
0.213938
0.427281
0.311920
0.431075
0.487272
0.385432
0.395424
0.191596
-0.100967
-0.782355
0.163980
0.145370
0.475874
-0.278875
-0.224677
0.871307
0.111505
-0.168094
0.555847
-0.669841
0.221207
-0.641759
0.352545
-0.025716
0.018653
0.085898
-0.281398
0.127520
0.735868
-0.608857
-0.216803
-0.024190
0.334807
0.023595
-0.064233
-0.421410
1.153633
-0.344403
0.212245
-0.108004
0.507190
0.386890
0.620548
-0.023323
-0.151883
-0.456781
0.104161
-0.303014
-0.032105
-0.187360
-0.476703
0.293426
-0.169580
-0.594676
0.240340
-0.289198
-0.189452
0.004390
-0.372482
0.361409
-0.482931
0.189681
-0.143401
0.487896
-0.504931
-0.075186
-0.073970
-0.192301
0.063110
1.020388
0.520066
-0.063819
0.063557
-0.526350
0.056237
0.124430
-0.172292
0.357972
0.238982
0.564441
0.320905
-0.283965
-0.656822
-0.641671
-0.350883
-0.766068
0.062234
0.031023
-0.057419
0.043027
-0.905255
0.438955
-0.516671
-0.400591
-0.264606
-0.041969
0.186499
-0.017686
0.031486
-0.281533
-0.112596
-0.163322
-0.497791
-0.251745
0.098012
0.136641
0.305181
0.342111
0.159583
0.233004
0.579879
0.385390
-0.147397
-0.360792
0.193113
0.819531
-0.837116
-0.347109
-0.254514
0.221486
-0.309205
0.351435
0.140593
0.150378
-0.059145
-0.060662
0.323772
-0.085249
0.422410
0.328254
-0.050110
-0.118525
-0.078748
-0.731532
-0.581038
1.040260
1.201516
0.676929
0.500214
0.710063
0.535040
0.081761
-0.311134
0.011808
0.235575
-0.180893
-0.469870
-0.483091
-0.291740
0.065855
0.584009
0.118477
-0.006785
0.309217
0.409046
-0.245054
-0.614824
0.151306
0.057940
-0.436065
-0.086000
-0.430705
0.638393
0.246004
0.379559
-0.212153
0.124635
0.089817
-0.201288
0.279763
-0.280481
-0.168332
-0.592586
-0.095411
0.052837
0.062568
0.168045
0.183834
0.048607
0.855436
-0.375791
1.041643
-0.217377
0.119450
0.201856
-0.896672
0.588226
-0.534440
0.242820
0.414986
0.003065
-0.180682
0.119597
0.145074
-0.036244
-0.016394
-0.244534
0.166834
-0.142628
0.210416
-0.027500
0.711835
-0.707208
0.257982
-0.156502
-0.182335
0.034494
-0.015374
0.522150
0.330793
0.464022
-0.368111
1.052441
0.089570
-0.301834
-0.346173
-0.080040
-0.509290
0.717044
-0.633227
-0.131258
-0.364412
0.640337
-0.116323
-0.212188
-0.306633
-0.593204
0.099814
-0.199013
-0.293129
-0.584704
0.446235
-0.531633
-0.163112
-0.180846
0.223782
0.278574
-0.800489
0.259450
0.663888
0.496957
0.042589
0.209481
-0.289509
-0.284089
-0.089497
-0.150093
0.243208
0.517896
0.535761
0.730935
-0.372187
0.081098
-0.006231
-0.136162
-0.203114
-0.427877
-0.261497
-0.255957
-0.642143
-0.088591
-0.400924
0.806217
-0.294562
-0.435620
-0.052253
-0.201847
0.450687
0.013351
-0.553152
-0.176003
0.273821
0.386101
-0.191824
-0.092886
0.308711
-0.267417
0.179980
0.014432
-0.304913
-0.135649
-0.218058
-0.065149
0.982760
0.026917
0.534854
-0.238762
1.158226
-0.753214
0.560200
-0.073815
-0.434550
-0.020797
0.098440
-0.077310
-0.488928
0.428995
0.007744
-0.078621
-0.810904
-0.281141
-0.154451
-0.387507
-0.568946
0.542794
-0.057348
0.285687
-0.112846
-0.354733
-0.164742
0.027506
-0.044706
-0.371181
0.293135
-0.335703
-0.167580
-0.536258
0.190119
-0.132654
-0.351800
1.137334
-0.170030
0.017150
0.302490
0.251100
-0.064459
-0.395692
-0.104860
-0.128898
0.367502
0.829187
0.365511
-0.199635
0.327486
0.177395
0.629095
0.164131
0.266925
0.281822
-0.602735
0.542385
-0.057012
-1.004693
0.026350
0.252532
-0.069085
0.429508
-1.329834
0.143533
0.062335
0.221484
-0.067136
-0.069681
0.271377
-0.223210
-0.222552
0.161612
-0.659480
0.288053
-0.438982
-0.132111
-0.331540
0.377821
0.399770
0.119516
-0.350255
-0.272029
-0.273659
-0.201864
-0.249477
-0.283037
-0.509378
0.235783
-0.229093
-0.794540
-0.231797
-0.047898
-0.420984
0.055939
0.504085
0.229890
-0.465184
-0.252674
0.049361
2.038804
-0.130318
0.353996
0.180904
-0.009847
0.318945
-0.230246
0.838317
-0.373642
0.202607
-0.450440
0.311673
0.194338
-0.677426
0.137377
0.595230
0.310976
0.126037
0.596072
-0.263232
-0.004702
0.199088
-0.290880
-0.296461
-0.120894
0.503328
-0.032589
-0.097770
0.047929
-0.102207
-0.182686
-0.249252
-0.205481
-0.504159
-0.429311
0.354150
-0.248176
-0.256498
-0.063844
0.187348
0.087147
0.045246
-0.257686
0.513397
0.077824
0.426803
0.155474
-0.713889
0.792669
0.312136
0.044921
-0.018231
-0.172061
-0.246427
-0.640388
-0.823140
0.117871
-0.675361
0.359086
0.252737
0.740013
0.281836
0.195394
0.000441
0.545075
-0.091163
-0.043490
-0.371956
0.000318
-0.292173
0.197912
-0.465225
0.100754
0.414794
0.748094
-0.753794
-0.208797
0.156795
-0.007305
-0.241491
0.373420
-0.183811
0.475647
-0.197480
0.287721
-0.709484
0.515975
0.134055
-0.402307
-0.159908
-0.128528
0.409308
0.130359
-0.911178
-0.099594
-0.282256
0.313871
-0.414266
-0.320029
-0.014265
-0.361014
0.324429
-0.222866
-0.529900
0.180382
0.036328
0.093710
-0.565569
0.057529
0.049084
0.103233
-0.099838
0.690077
0.162982
0.674446
-0.043397
-0.228357
0.380144
0.691091
-0.345039
-0.185266
-0.486251
0.498254
0.342164
-0.204688
0.460329
0.287867
0.033090
-0.082446
-0.126991
0.008685
0.225818
0.096623
-0.033166
0.566490
0.117686
-0.058220
-0.144489
-0.429680
-0.369224
0.133582
0.190564
-0.309980
0.084847
0.276508
0.499091
0.316741
-0.505212
0.100828
0.124245
0.669673
-0.808895
0.434267
0.979676
-0.347106
-0.002028
0.825424
-0.510203
-0.007446
0.036706
-0.273079
-0.589015
0.238446
-0.205951
0.585596
0.461504
-0.117559
0.082822
-0.254342
-0.505001
-0.504817
-0.072606
0.150139
0.231505
-0.511667
-0.223320
-0.431095
-0.015293
-0.314888
0.480897
-0.657793
-0.025745
0.580259
-0.031658
-0.707686
-0.176550
-0.448119
-0.058275
0.193019
-0.207477
-0.163127
-0.249494
0.182821
0.051710
0.130606
-0.359176
-0.522393
-0.035198
-0.501470
-0.909899
-0.494963
-0.476068
0.001810
0.320458
-0.097305
-0.399819
0.407191
0.202228
-0.091744
0.607951
0.045373
0.004978
0.020495
0.233926
0.396836
-0.466511
-0.007070
0.901114
-0.276476
-0.202965
-0.196186
-0.051401
-0.186876
0.144576
-0.065683
-0.440371
-0.564660
-0.754132
0.064032
0.009245
1.274814
-0.504691
-0.549972
0.213381
-0.400885
-0.081711
1.447806
-0.006417
0.087616
-0.068873
0.450457
-0.136500
0.328538
-0.063033
0.127766
-0.733910
-0.229352
0.465407
0.219732
0.021855
-0.410504
-0.684641
-0.317197
-0.449875
0.440628
-0.180395
0.293260
-0.779870
0.117102
0.313858
-0.103847
0.096866
-0.815712
-0.801668
-0.032483
-0.046574
-0.169092
-0.221173
0.407019
-0.072093
0.011285
0.708136
0.679191
0.124373
0.074901
-0.136353
0.413059
0.017455
0.004585
-0.141536
-0.072184
-0.294347
-0.074001
0.070493
-0.172928
0.143446
-0.186469
0.141554
0.155936
-0.088455
-0.169542
-0.541168
0.144910
0.337340
-0.155140
-0.082367
0.016229
0.378218
0.422237
0.537211
0.328586
-0.518602
0.027700
0.604115
-0.261518
0.334205
-0.181273
0.782631
0.067180
-0.205768
0.198849
-0.123841
0.087296
-0.074769
-0.163128
0.180811
0.147720
0.480537
0.075436
0.892734
-0.724030
0.199468
-0.083092
-0.014291
-0.322561
-0.109463
0.127584
0.140981
0.685706
-0.561534
-0.931966
-0.281032
0.036587
0.275596
-0.266654
-1.276250
-0.494815
-0.525975
-0.264372
-0.618378
0.144346
0.139784
-0.266208
0.505958
0.712170
0.411861
-0.140206
0.439368
-0.386974
-0.119975
0.266961
0.220714
0.220020
-0.058339
0.140402
0.160752
-0.048051
-0.115680
-0.281448
-0.230319
0.050019
0.178545
-0.245430
-0.618172
-0.564294
0.802016
-0.387979
-0.728838
0.368962
-0.276844
-0.395600
-0.416976
0.494591
0.069540
-0.316094
0.138349
0.033766
0.041694
-0.699091
0.200868
-0.375882
0.049401
-0.218424
-0.146440
0.033176
0.155497
-0.206176
0.156823
-0.547270
-0.507006
0.944037
-0.096249
0.134386
-0.300317
-0.316763
-0.181833
-0.060750
0.268888
-0.535466
-0.233216
-0.437650
0.040629
-0.369668
-0.483246
-0.078065
0.111524
-0.123394
0.128943
-0.263363
-0.591584
-0.280866
0.713180
-0.244756
0.045107
-0.049717
0.300466
0.224595
-0.301555
0.354059
-0.049438
-0.364773
0.051396
-0.317376
0.909837
-0.392692
0.135408
-0.182827
0.177948
0.279514
0.876113
-0.422264
0.857120
0.373577
-0.199642
-0.403354
-0.361143
-0.065809
0.145637
0.038043
0.313326
-0.088018
-0.130983
0.511137
0.422189
0.138070
-0.400405
-0.699665
-0.358021
-0.574195
0.334599
0.496378
0.178859
0.354409
-0.235441
-0.266146
-0.237365
-0.125349
0.268244
0.250864
-0.762509
0.311524
-0.392646
0.429242
0.798048
0.023417
0.071276
-0.723522
0.126288
0.139471
0.161366
0.025433
-0.093803
0.215552
0.560836
-0.186336
-0.175975
0.200602
-0.015478
0.347924
-0.052461
-0.525982
1.078479
0.593492
0.064102
-0.314979
-0.254748
0.209501
-0.174974
0.301928
-0.523640
-0.016205
0.547946
-0.488026
0.424813
-0.027399
0.063688
-0.237187
-0.214328
-0.410344
0.138321
-0.088499
-0.067892
-0.189736
0.019900
-0.235756
-0.101434
-0.024742
-0.912454
0.314756
0.137861
-0.250484
-0.179157
0.339135
-0.469957
-0.082951
0.004030
-0.731147
0.089257
0.450030
-0.146059
0.467188
-0.366596
-0.211825
-0.294665
-0.194775
-0.575264
-0.405717
0.136237
-0.043167
0.170008
-0.233805
0.148811
0.018385
0.223786
0.154344
-0.005966
0.245305
-0.126819
-0.326793
-0.012106
0.081956
-0.441811
0.204761
-0.024361
-0.157540
0.343830
-0.535739
0.239320
-0.333297
-0.180788
-0.374304
-0.216706
-0.251266
0.166304
0.522111
-0.242801
-0.013065
-0.659250
-0.028577
-0.000927
-0.548770
-0.423106
-0.712392
0.051680
-0.191540
0.080244
-0.054948
-0.240409
-0.267456
-0.409948
-0.042438
0.564095
0.262210
-0.394970
0.408735
0.280705
-0.072825
0.511125
-0.128103
-0.012170
0.199837
-0.134978
0.115613
0.123820
-0.237073
1.058995
-0.387763
-0.128272
0.642837
0.719103
0.083768
-0.335289
0.085972
-0.384931
0.272582
-0.036498
0.404000
0.277749
-0.372708
0.320080
-0.044779
-0.043652
0.241056
-0.699645
-0.413174
0.292905
-0.181977
0.025933
0.214799
0.104546
0.012782
0.336349
0.362713
0.278996
-0.506179
-0.460665
-0.481440
-0.470534
-0.121935
-0.049009
0.624651
1.110029
-0.073955
-0.031954
0.424634
0.114169
-0.241150
0.722763
-0.302809
-0.002080
0.121269
-0.855534
-0.359228
0.357731
0.583833
-0.070481
0.509145
-0.324276
0.814883
0.071605
0.057700
0.031880
0.537362
0.136063
0.199993
-0.336114
-0.015403
0.385293
-0.456833
-0.322541
-0.423042
0.742413
-0.536055
0.193906
0.733237
0.045868
0.020500
-0.916674
0.627309
-0.142856
0.292957
0.394826
-0.175606
-0.490667
-0.765195
0.044319
-0.106904
0.249022
-0.164468
0.901029
0.563714
0.482171
0.084744
-0.112906
-0.120785
-0.228336
0.148470
-0.398946
-0.423924
-0.116246
0.589819
0.029529
-0.491255
0.067639
0.824775
-0.703862
0.318573
0.105709
0.119704
0.028814
-0.103530
0.053023
0.200087
0.314145
1.042132
0.264617
-0.389959
-0.298660
-0.490080
-0.147189
1.032835
0.203363
-0.084629
0.463425
-0.161726
-0.009618
-0.551244
-0.216865
-0.009375
-0.392302
-0.273266
0.222297
0.082636
0.231672
-0.664607
0.423864
0.054499
-0.721651
0.703009
-0.051743
0.145331
-0.127994
0.378879
-0.092045
-0.179457
0.186392
0.335714
-0.003396
0.132960
0.069306
-0.159233
-0.595715
0.788915
0.276964
-0.565940
0.760083
-0.783211
0.129572
0.211622
0.225636
0.025995
-0.258928
-0.051681
-0.265503
-0.035274
-0.573576
0.172612
0.107990
-0.260246
0.724330
-0.156904
0.376049
0.044512
-0.345726
0.081209
0.466872
0.057469
0.121090
0.554886
-0.335607
-0.128235
-0.107714
-0.656760
-0.172985
1.080638
0.092381
0.381949
-0.107717
-0.270993
0.152848
-0.569787
-1.025409
0.053035
0.174849
0.100014
-0.197898
-0.431088
-0.259795
0.427053
-0.078491
0.403186
-0.002469
0.186146
0.132597
0.101390
-0.039655
-0.578024
0.064134
0.188480
0.029655
0.133447
-0.369408
-0.183230
-0.049627
-0.128003
0.272672
0.609604
-0.699146
-0.164099
-0.064693
-0.446575
0.777674
0.200416
0.246556
-0.100777
0.160953
0.037964
-0.357468
-0.037025
-0.007011
-0.044278
0.076516
0.072210
0.075185
-0.384456
0.074396
-0.307648
-0.538384
-0.116067
-0.549893
-0.276088
0.531951
0.007971
-0.078846
-0.482821
-0.174336
-0.294317
-0.177897
0.387822
0.560641
1.015454
0.376951
-0.338507
0.640572
0.517311
0.206823
0.597098
0.183644
-0.364948
0.035295
0.381477
0.298168
0.214607
-0.071289
-0.281170
-0.047124
-0.041289
-0.566054
1.131787
-0.181745
0.153448
0.600417
0.165310
0.551493
-0.050078
-0.329980
-0.138756
0.553131
0.290009
0.802773
-0.411699
0.147020
0.287032
-0.016766
-0.145868
0.415458
0.058415
-0.466625
0.007069
-0.097881
0.511784
-0.387913
0.356569
0.905287
0.069643
0.054605
-0.001942
0.450976
0.363003
0.413019
-0.220275
-0.208636
-0.569312
-0.207064
0.020516
0.092590
0.097914
0.735759
0.225257
-0.062885
-0.137359
-0.157554
-0.111013
-0.359342
-0.025219
0.166170
0.082894
0.035144
-0.026512
0.050506
-0.387585
-0.140503
0.381713
0.431698
0.032687
-0.433470
-0.011776
0.231670
-0.456807
-0.032105
-0.129884
-0.207389
0.583962
-0.434904
-0.141607
-0.118103
-0.072836
0.539591
-0.209004
0.127965
0.268103
-0.163068
0.669291
0.095306
0.879372
0.752144
-0.362498
-0.433217
-0.397396
-0.364681
0.487776
-0.171808
-0.200070
0.171398
0.523596
0.068737
-0.576919
-0.143948
0.017303
-0.332421
0.583401
0.201640
-0.808721
0.579430
-0.078813
-0.338635
0.591653
0.100704
0.577883
-0.401132
-0.034303
0.000252
0.078556
-0.473124
-0.550298
0.282579
-0.042353
-0.683337
-0.732199
0.522269
-0.142060
-0.120174
-0.536369
-0.329630
0.042513
-0.081087
0.335523
-0.342557
-0.194139
0.151471
-0.288661
0.035660
-0.303538
0.559110
0.366951
0.005155
0.112507
0.290868
0.172452
-0.267368
0.632295
-0.502730
0.302267
-0.123015
0.460019
-0.517277
0.131790
-0.372621
-0.364141
-0.040203
-0.404574
0.117615
0.679740
-0.894506
0.047935
-0.275079
-0.325660
0.288404
-0.081347
-0.226223
0.529435
0.076497
0.606626
0.000822
-0.177703
0.163803
0.473565
-0.073091
-0.299239
0.101499
0.067051
-0.504618
-0.112257
-0.944264
-0.150568
-0.305480
0.527089
-0.281279
0.059753
-0.183431
-0.136548
-0.712293
0.532073
-0.063435
-0.231688
0.536682
0.809549
-0.290933
-0.178204
-0.198494
0.505602
0.246506
-0.181202
-0.420902
0.154729
-0.295843
-0.089306
-0.392500
-0.125198
0.099592
0.426400
-0.010732
-0.227403
-0.596911
-0.001888
-0.017689
0.462724
-0.438210
0.156520
0.118614
-0.249547
-0.556357
0.100179
0.392983
0.182031
-0.382391
0.115073
0.583908
0.458222
0.177275
0.056184
0.117065
0.379433
-0.220235
0.054631
0.310052
-0.449478
-0.556610
-0.470732
-0.042276
-0.226926
-0.438039
-0.074192
0.275186
-0.588705
-0.594579
0.463346
-0.732116
0.288250
-0.051347
-0.042801
-0.149880
0.132292
0.025544
-0.279581
0.282960
-0.588211
-0.278918
0.605244
0.146862
-0.016238
-0.210680
0.098736
-0.225657
-0.060337
0.246195
-0.119211
-0.615190
-0.539886
-0.372405
0.221693
-0.287600
-0.236187
-0.070739
-0.613366
-0.230624
-0.064111
0.279890
0.214321
-0.451402
0.218629
-0.341855
0.067977
-0.086905
-0.385600
0.391857
0.259160
0.305418
-0.315316
0.278239
0.291795
-0.896606
0.330271
0.298868
-0.204366
0.132057
0.034454
-0.744045
-0.214638
0.213949
-0.125152
0.170130
0.334756
-0.207246
-0.332014
-0.006943
0.094629
0.735617
-0.172618
0.190135
0.072920
0.082374
-0.653072
-0.018831
-0.343100
0.123764
-0.128458
0.352597
-0.120440
0.532324
0.404978
-0.201338
0.356353
0.074565
-0.794687
0.023101
-0.730990
-0.606708
-0.327186
-0.358233
-0.115672
-0.331184
-0.003112
0.386019
0.811480
-0.558950
-0.073082
0.118575
0.035604
0.094236
0.408823
0.334766
0.169416
-0.057943
0.095034
-1.044088
0.161156
0.777654
0.370643
-0.507172
-0.670587
-0.161502
0.455519
-0.148579
-0.127200
0.398278
0.300042
-0.272433
-0.019901
0.389807
0.382926
-0.332368
-0.337613
-0.883760
-0.758994
0.121759
-0.433003
0.514492
-0.427521
0.426989
-0.358739
-0.209681
0.372555
0.137524
0.401780
-0.572377
-0.021962
-0.363310
-0.020618
-0.189615
-0.116289
-0.236473
0.379355
0.142463
-0.745230
-0.246621
0.094385
0.389943
-0.176808
1.035002
0.122871
0.468860
0.116773
-0.179479
-0.022583
-0.118911
-0.436399
-0.237289
0.048395
0.467429
0.042273
-0.367164
-0.198567
0.044932
0.059512
-0.230626
-0.264127
0.199996
0.042070
-0.440132
0.440958
0.229380
0.373893
-0.806893
0.106814
-0.221445
-0.091383
-0.302379
0.021825
-0.105826
-0.083089
0.441981
-0.514943
0.447165
-0.579179
-1.081243
-0.012030
0.081287
-0.373824
-0.519230
-0.189799
-0.002583
0.108733
-0.062686
0.057455
0.200277
-0.668798
0.139981
-0.241473
-0.174726
0.798677
0.875509
-0.718146
-0.099082
-0.125759
0.297225
0.159275
0.695843
0.067724
0.621784
0.245349
-0.320737
0.031154
-0.067522
-0.071589
0.015825
0.073883
-0.367848
0.406437
-0.187894
0.156601
0.552651
-0.103761
0.604755
-0.045815
-0.337106
0.250994
0.523118
-0.041855
0.076885
0.690202
-0.436577
0.316875
0.047437
-0.256054
-0.469452
0.531632
0.821297
-0.047542
0.138593
0.143361
-0.116564
-0.183044
0.310958
0.406708
-0.071321
-0.093931
0.432481
-0.391888
0.135489
-0.285655
-0.327357
0.077041
-0.254715
-0.355830
-0.625634
0.295153
0.136130
-0.251972
-0.467812
-0.190192
0.351228
-0.055942
0.270346
0.419231
0.460310
0.717732
-0.620631
0.502863
0.036254
-0.255506
-0.110509
-0.272303
-0.340693
-0.283651
0.579545
0.167383
0.299562
-0.453703
-0.135332
-0.365751
-0.159191
-0.025651
-0.549507
-0.157211
0.234473
-0.189334
0.749011
-0.413750
-0.424565
-0.144182
-0.012683
0.380560
-0.153191
-1.206664
0.056775
0.081747
-0.312649
0.105547
-0.087555
0.416502
0.191131
-0.190877
-0.108590
0.431690
0.605556
-0.205640
-0.009545
-0.245651
-0.468445
0.753138
-0.032086
0.145693
-0.481567
-0.222853
0.007588
0.065540
-0.028128
0.611317
0.927605
0.073966
-0.322060
-0.121725
0.565412
-0.111699
-0.030252
-0.167495
0.046108
-0.417793
0.099894
0.159674
-0.112706
-0.497118
-0.616866
0.292707
0.193994
0.182685
-0.063154
-0.121119
-0.254866
0.279413
-0.195026
0.056954
1.302980
0.089351
-0.113065
0.817644
-0.026819
-0.268079
0.333659
0.407727
-0.165836
0.045421
-0.128104
0.142285
-0.250969
0.105647
0.271254
0.229157
0.525887
-0.240376
-0.199575
-0.243268
-0.293056
-0.285471
-0.124448
-0.150155
-0.231661
0.364279
0.024528
-0.156924
-0.214995
0.416688
-0.025225
-0.160251
-0.328247
-0.614863
-0.075945
0.227844
-0.380906
-0.408034
-0.910064
-0.315086
0.744481
0.774028
-0.019839
-0.125978
-0.099851
0.051397
0.469794
-0.060497
0.501533
-0.317807
-1.089823
0.052461
0.092894
0.358559
0.197689
0.170595
-0.374002
0.434048
0.538526
-0.680851
0.454401
-0.811668
0.771461
0.195748
0.069062
-0.304539
-0.087922
0.326340
0.965443
0.155752
-0.649801
-0.158982
0.386353
-0.156160
0.046367
-0.442817
-0.138510
0.302631
0.710723
-0.023435
0.600097
0.106554
-0.512465
0.053850
0.047705
-0.100324
0.212256
-1.210071
-0.079611
-0.247547
0.009319
0.357146
-0.317867
-0.012371
0.305261
0.028337
0.004719
0.183772
0.458238
-0.439785
0.749377
0.217952
-0.641071
0.000850
-0.416447
-0.246396
-0.252531
0.374115
0.327724
1.617249
0.079866
-0.124330
0.004280
0.888214
0.128336
0.396506
-0.092180
-0.212603
0.267868
0.429382
0.704981
-0.179501
0.357358
-0.210562
-0.371843
-0.139363
-0.221106
-0.057023
0.119894
-0.144261
-0.328628
0.361194
-0.339402
-0.489147
0.666535
0.068189
-0.271153
0.379302
0.828314
0.955876
0.165145
-0.705682
0.676154
0.171656
0.224091
-0.648322
-0.100606
0.516808
-0.319407
0.109046
0.238852
-0.524095
0.172317
0.601267
-0.058481
0.499405
0.175431
-0.035398
-0.197297
0.049492
0.111291
-0.002794
0.323190
-0.164440
0.093043
0.118209
-0.242636
-0.047591
-0.109072
-0.636198
0.020902
-0.020295
-0.674140
-1.186038
-0.660517
0.740761
-0.642693
0.152836
-0.233924
0.126508
0.579438
-0.501815
0.082605
-0.537618
1.511608
0.796443
-0.722823
-0.011883
0.110640
-0.313434
0.252425
-0.203040
-0.199782
-0.167409
-0.432385
-0.159945
0.285780
0.062332
0.239295
0.510258
-0.109610
0.682391
0.108915
0.053701
-0.546115
-0.129581
-0.182491
-0.023612
-0.393570
-0.020502
-0.641778
0.278219
0.457946
-0.098753
0.359167
0.113631
0.090709
0.147028
0.897190
-0.058267
0.028692
-0.126333
-0.468481
-0.735315
0.339061
0.249433
0.272547
-0.273748
-0.190675
-0.103567
0.156898
-0.272708
-0.603462
-0.219559
-0.111973
0.769599
-0.110024
0.074386
0.567647
-0.760410
-0.582774
-0.225800
-0.012545
-0.091227
-0.090108
-0.150248
0.729379
-0.346186
0.123827
-0.236795
0.224797
-0.206095
-0.395789
-0.443768
-0.007256
0.162351
-0.080298
-0.600678
0.356640
0.246997
0.204353
0.109814
0.514175
-0.234708
0.154605
0.142768
0.018229
1.002946
0.037239
-0.353071
-0.214233
0.135343
-0.216002
-0.557028
-0.230963
-0.296207
0.696061
0.856352
0.170216
0.331745
-0.256693
-0.303142
-0.322644
0.274672
-0.128756
0.105167
0.406739
0.421146
1.108979
0.078685
-0.206409
0.078185
-0.424404
-0.231941
-0.077030
0.393925
-1.206529
-0.704291
-0.133640
0.046247
-0.074469
0.564087
-0.663587
0.091111
0.312802
-0.339520
0.031964
-0.171450
0.092880
-0.323005
-0.295666
-0.096857
0.082655
-0.224365
0.541888
0.206074
0.297985
-0.254542
-0.117741
0.543873
-0.230229
0.744790
-0.040752
-0.426807
0.073989
-0.148776
0.073238
-0.368974
-0.024777
-0.155127
0.721921
0.687451
0.032993
-0.015414
-0.817587
0.195794
0.312229
0.273916
0.333572
0.332011
0.069303
0.339161
-0.221004
0.187618
0.097443
0.614318
-0.065274
0.101828
0.351234
0.142571
0.384123
-0.596426
-0.151013
0.102614
0.183406
0.416159
-0.252452
-0.069858
-0.079682
-0.635522
0.044667
0.058988
0.622689
0.649950
0.082686
0.141123
-0.618449
-0.352013
0.307437
-0.230049
0.046308
0.152179
-0.053737
-0.213875
0.055357
0.157933
-0.230813
0.045706
0.290696
-0.014548
-0.287976
-0.075724
-0.279815
0.357473
0.112376
-0.351688
-0.241867
0.158520
-0.150015
0.691715
0.290396
0.178179
-0.152477
0.059570
0.152736
-0.121944
-0.095325
-0.154746
-0.162378
0.107070
0.000127
0.136107
-0.167513
-0.070923
0.005406
-0.155908
0.264538
-0.041824
-0.086047
-0.161323
-0.293955
-0.614832
0.328801
-0.233924
-0.569684
-0.360640
0.576916
0.312540
-0.174680
-0.270956
0.088023
-0.342127
0.366167
-0.554347
0.227633
-0.256608
-0.479784
0.620900
-0.997888
-0.114212
0.241387
0.120536
-0.322149
0.451141
0.254979
-0.525429
0.381111
0.225335
-0.605194
-0.258783
-0.578868
-0.037067
-0.118290
0.246755
0.399655
-0.114744
-0.916162
1.120429
-0.323048
0.145825
0.042348
-0.206109
-0.309184
0.370504
0.587586
0.395866
