800
1
-0.001607
0.002142
0.001100
-0.001453
0.002404
-0.000762
0.000220
0.001741
-0.000649
0.000129
0.000462
-0.001765
0.000044
-0.003046
0.000302
-0.000737
-0.000389
0.001027
0.003167
0.000730
0.000100
0.000153
-0.001556
0.001400
0.000049
-0.000202
0.000200
0.000026
0.000056
-0.000034
-0.000086
0.001532
-0.000292
0.000403
-0.000123
0.000002
-0.000269
0.000394
-0.000363
0.001163
0.000389
0.000562
0.001437
0.000329
0.000205
0.000546
0.001332
0.001421
-0.000095
0.001726
0.000237
0.002246
0.001354
-0.000720
0.001399
0.000952
0.001562
0.001203
0.000322
-0.000872
-0.000110
-0.000159
0.002528
-0.000337
0.001824
0.000086
0.000656
0.002112
0.001301
0.001357
0.000286
-0.000307
-0.000544
0.001905
0.000966
-0.000661
-0.000952
0.001143
-0.000573
0.001026
0.000131
-0.000936
0.000761
0.000913
0.000592
0.000103
0.001406
0.002099
0.000680
0.000671
-0.000770
-0.000216
-0.000278
-0.000106
0.001192
0.002049
0.000645
0.000457
0.001504
-0.001870
-0.000182
0.001003
0.000728
-0.000262
0.000247
0.000141
-0.000487
0.002556
0.000333
0.000371
-0.000039
0.000873
0.002134
0.002603
-0.001173
0.000343
-0.000157
0.002283
-0.000377
0.002868
-0.000390
0.001104
-0.000287
0.000306
0.001388
0.000252
0.000765
0.002736
0.000343
-0.000298
0.001516
0.000960
-0.000862
0.000474
-0.000056
0.000196
0.000698
0.001696
0.001192
0.000417
0.000014
-0.000030
0.000585
0.000141
-0.000593
0.000193
0.002162
-0.001195
0.001019
-0.000297
0.000928
0.002519
0.000112
-0.000693
0.000488
0.001194
0.000396
-0.000079
-0.000543
-0.001848
0.000147
0.000760
-0.000522
0.002038
0.000111
-0.000904
0.001449
0.002003
-0.000068
0.000412
0.002481
-0.000247
0.001355
0.000963
0.000492
0.000792
0.002506
-0.000054
0.000886
-0.000872
-0.000340
0.000828
0.000530
-0.001261
0.002222
0.000995
0.000547
0.000590
0.000603
0.000361
0.000646
-0.000218
-0.001669
-0.000496
0.000828
-0.000453
0.000868
0.000393
0.000808
0.000446
0.000709
0.000510
0.001467
0.000710
-0.000990
-0.000203
0.000667
0.000203
0.001253
0.000175
0.001753
0.001435
0.000484
0.001775
-0.000298
0.001130
0.000022
-0.000497
0.000236
0.000406
-0.000702
0.000839
0.002948
0.000720
0.000035
0.000713
0.003744
0.000652
0.000037
0.001190
0.000150
0.001148
0.000450
0.001110
0.000369
-0.000328
0.000507
-0.000830
0.000281
0.000269
0.001726
0.000220
-0.000397
0.000335
0.001445
0.000476
0.000529
0.000562
0.002216
-0.001102
-0.000214
-0.000002
0.000823
0.000991
-0.000847
0.000215
-0.001251
0.001428
-0.000138
-0.000317
-0.000279
-0.001225
0.000688
0.001039
0.002058
-0.002944
0.001360
0.000019
-0.001310
-0.000291
0.000570
0.001970
0.001604
0.001602
-0.000725
0.000231
0.001166
0.000406
-0.001326
0.000177
-0.000161
0.002155
-0.000880
0.000255
-0.000979
-0.000167
0.001047
-0.000234
-0.000595
-0.000034
0.000535
-0.000038
0.002192
-0.001243
-0.001372
-0.000534
-0.000056
0.000659
-0.002625
0.001039
0.000156
0.000529
0.000420
0.000372
-0.000523
0.000414
0.000692
0.000894
0.000748
-0.000426
0.000073
-0.000025
0.001516
0.000587
0.001375
0.000311
0.000616
0.001594
0.000430
0.001602
-0.000342
0.000888
0.000321
-0.000235
0.000257
-0.000879
0.002313
0.000867
0.000071
0.002000
-0.000113
0.000548
0.001037
0.001336
0.001216
-0.000377
-0.001548
0.001611
0.001228
0.001683
0.001608
0.001419
0.001989
0.000697
0.000853
0.000458
-0.000421
-0.000497
-0.000281
0.001372
0.000793
0.000370
0.001026
-0.000120
0.000257
0.001935
0.000392
0.000782
0.000400
0.002057
0.000071
0.000486
0.001300
0.001055
-0.000393
-0.000172
0.000935
0.001639
0.001178
0.000338
0.000523
0.000696
0.001641
-0.000031
-0.001199
-0.001687
0.000281
-0.000584
-0.000751
0.001526
-0.000366
-0.002169
-0.001951
-0.001496
-0.000173
-0.000977
-0.001523
-0.001079
-0.000274
-0.000365
0.001128
0.001643
0.001077
0.000141
-0.001221
0.002736
-0.000603
0.000889
-0.000413
0.001285
0.000827
-0.001116
-0.000929
-0.001858
-0.000656
-0.000221
0.000822
0.001964
-0.000833
-0.001330
0.000682
-0.001597
0.000353
0.000510
-0.000734
-0.003159
0.003465
-0.000179
0.000205
0.000224
0.001735
-0.000895
0.001376
0.000167
0.001337
0.002214
-0.000337
0.001502
0.000489
-0.000579
0.000048
0.000802
0.000777
0.000182
0.001226
-0.001641
0.001038
0.000061
0.000379
0.000519
-0.000036
-0.000961
-0.000503
0.002317
0.002320
0.000958
0.001276
0.000525
0.001113
0.000985
0.000590
0.001100
0.000459
0.000928
-0.002080
0.000752
-0.001919
-0.000302
0.000355
0.000112
0.000442
0.001092
0.000590
-0.000621
-0.001285
-0.000460
-0.000118
0.000754
0.000530
0.000044
0.000847
0.001450
0.001698
0.000071
0.001254
0.002136
0.000794
0.001546
0.001660
0.000536
0.001315
0.001233
-0.001440
-0.001589
0.001586
-0.000521
-0.000667
0.001429
-0.001290
0.000518
0.001569
0.000203
-0.000394
0.001179
0.001234
0.000938
-0.000675
0.001593
0.002266
0.003506
0.000189
0.001590
-0.000162
0.001176
0.000805
0.000182
-0.000462
-0.000149
-0.000380
0.000009
-0.001719
0.000488
0.000389
-0.001235
-0.001742
-0.000037
-0.001199
0.000220
-0.000542
-0.003756
-0.000966
0.000523
0.000568
0.000310
0.000305
-0.000120
0.001792
-0.000226
0.003166
0.000951
0.000201
0.001339
-0.000774
0.000731
0.001525
0.000254
-0.000826
-0.000379
0.000122
0.000351
0.001298
0.000136
0.000278
0.000267
-0.000187
0.000779
0.000576
0.000465
0.001381
0.000788
0.000074
0.000990
-0.000985
0.000827
0.000446
0.000832
-0.000159
-0.000071
0.001152
0.000238
-0.000457
0.000863
0.000017
-0.000545
0.000346
-0.000057
0.001881
0.000405
-0.001655
-0.000298
0.001819
-0.000455
0.001597
0.002244
0.000722
0.000921
0.001105
0.001915
0.000170
-0.000432
0.000024
0.000062
0.000135
0.000670
0.000371
-0.000373
0.000643
0.000070
0.001325
-0.000383
0.001058
-0.001786
-0.000539
0.001448
-0.000300
0.000863
0.001235
0.000478
0.000704
0.002150
-0.001403
0.000486
0.000505
-0.002641
0.000566
0.001510
0.001000
0.000650
-0.000647
0.001063
0.001007
0.000161
-0.002003
0.001847
-0.000611
0.001416
-0.000273
0.002604
-0.000798
0.000797
0.002756
0.000498
0.000715
0.001970
-0.000647
0.000929
0.000994
0.000780
0.001589
0.002118
0.001988
-0.000175
-0.001111
0.001492
0.001596
0.000356
0.000590
-0.000978
-0.002362
0.000772
-0.001629
0.001045
0.002616
-0.000447
0.000564
0.000273
-0.000131
0.000781
0.000918
-0.000576
0.001107
0.000196
0.000286
0.000281
0.000946
0.000409
-0.000046
0.000704
0.000525
-0.000764
-0.001427
0.000292
0.000073
-0.000874
-0.000822
-0.000014
0.001542
0.002078
-0.000451
-0.002159
0.001431
0.000502
0.001772
-0.000234
-0.000688
0.000258
0.000120
-0.000325
0.001221
-0.002835
-0.000440
-0.000174
-0.000667
0.001881
-0.000150
-0.000377
0.001242
0.000149
0.001406
0.000322
-0.000265
0.001067
0.000472
0.000649
0.001520
-0.002082
0.000962
0.000594
0.000651
0.000154
0.001445
0.000810
0.001239
-0.001137
-0.001386
0.000021
-0.001141
0.003134
0.001442
-0.000407
0.000534
-0.000755
-0.000391
0.000715
0.001258
0.001274
0.000194
-0.000289
0.001292
0.000940
-0.000019
-0.000591
0.000517
0.001118
-0.000432
0.000738
0.001208
-0.000513
0.000001
-0.000548
0.000327
0.000255
0.000295
0.001002
0.001221
-0.000329
0.001069
-0.000462
-0.000703
-0.000020
-0.000607
0.000245
0.000280
0.000467
0.001261
0.000035
0.000763
0.000066
0.000218
-0.000463
-0.000168
-0.000529
-0.001672
0.002531
0.000301
0.000173
-0.002046
0.001405
0.001167
0.000151
0.000153
0.000660
0.000199
0.000052
0.000439
0.000566
-0.001856
0.000667
-0.000404
0.001544
0.000565
0.000211
0.000468
0.000214
0.001754
0.000939
0.001975
0.000273
0.000290
0.000109
-0.001261
0.001975
0.000278
-0.000122
0.001434
0.001254
-0.000115
0.000002
0.000408
0.000623
-0.000239
0.001260
0.001573
-0.001019
0.001086
0.000641
0.000989
0.000375
0.000820
0.000393
