800
1
-0.010579
0.007355
0.022209
0.157172
-0.022998
-0.000758
0.000700
0.002921
-0.008761
-0.000602
0.103885
0.010495
0.025184
0.003055
-0.007298
0.024910
0.002318
-0.042831
-0.006538
0.033220
-0.003236
0.003050
-0.004024
-0.015192
0.161019
-0.016898
-0.003724
-0.014528
-0.001558
0.000696
-0.012728
-0.015529
-0.003057
-0.009330
-0.001322
0.053179
0.068237
-0.005553
-0.008660
-0.015227
-0.001813
0.052620
-0.020331
-0.006357
0.005419
-0.000913
0.030783
-0.004766
0.136815
0.000863
0.081361
0.001642
-0.009133
-0.003401
-0.002265
0.015273
0.001568
-0.006567
0.000480
-0.046770
0.027698
0.102398
0.043205
0.094091
0.008546
-0.015456
-0.053998
-0.005360
-0.000913
-0.001550
-0.010750
-0.006450
0.007960
-0.008177
0.000732
0.000442
0.001037
-0.015058
-0.002870
-0.002027
0.015523
0.004125
-0.027895
-0.007337
-0.029108
0.081201
0.076683
-0.018671
-0.007641
0.007540
-0.008788
-0.005116
-0.008328
0.002807
-0.031119
-0.028445
-0.004501
-0.009573
0.009139
-0.052222
0.113894
-0.004828
0.002574
0.012380
0.003461
0.015489
0.011865
0.161424
-0.003645
-0.037579
-0.003870
-0.008367
0.000352
0.067881
-0.000035
0.004952
-0.040838
0.000336
-0.007980
0.008434
0.007239
-0.047166
-0.006395
-0.054606
-0.004120
0.069716
-0.004635
-0.012297
0.066655
0.018267
0.002122
0.004293
0.006505
0.000323
0.065486
0.005463
-0.011950
0.025558
-0.002495
-0.000054
0.004449
-0.026084
0.007573
0.000103
-0.004357
0.003137
-0.003808
-0.002695
-0.006962
-0.001343
-0.002601
0.114589
0.006343
0.052984
0.082884
0.005653
-0.020402
-0.023770
0.005095
0.110292
0.019884
-0.001004
0.049882
0.031460
-0.004890
-0.000185
-0.018591
0.000576
0.037740
-0.003955
-0.002349
-0.028589
0.068236
-0.018845
0.005927
-0.015884
-0.005496
-0.029030
0.004457
-0.023686
-0.005237
-0.007307
-0.005347
-0.018714
-0.002348
-0.009539
-0.016940
0.000054
-0.006530
-0.000042
-0.002962
0.026544
0.056794
-0.006548
-0.005528
-0.001097
-0.002962
0.023869
-0.005565
-0.027558
0.014895
-0.001992
-0.007973
0.007789
-0.011464
-0.007576
-0.001248
0.000461
-0.024193
-0.000993
-0.008346
0.036946
0.010669
0.011261
0.011038
0.010665
0.024647
-0.039314
-0.002578
-0.014626
-0.006746
0.071068
-0.011966
-0.005279
0.007250
-0.000410
0.032507
0.011732
0.007524
-0.001245
0.002628
0.008169
-0.003171
0.009725
0.001293
-0.005750
-0.005597
0.000944
-0.007726
-0.023328
-0.001469
0.002851
-0.019826
0.000462
0.003809
0.000840
0.017438
0.000304
-0.002229
-0.007090
0.063917
0.021764
-0.004135
0.007297
0.000521
-0.003268
0.003321
0.025995
-0.003853
0.018762
0.000238
-0.003860
-0.017443
-0.010692
-0.006084
-0.000167
0.062541
-0.002764
-0.001465
0.017869
0.049076
-0.007033
0.007135
-0.004497
0.001693
0.000760
-0.011420
-0.004025
0.010828
0.002139
-0.035637
-0.003023
-0.010233
-0.017926
0.003484
0.003710
-0.002581
-0.014870
-0.029182
0.006952
0.011188
-0.005695
0.001722
0.003722
0.032099
-0.001006
-0.005269
-0.004289
-0.001843
0.006169
0.094738
0.000625
-0.005027
-0.004830
-0.027846
-0.017831
-0.005555
-0.007137
-0.008506
0.000959
-0.002387
-0.003320
0.068824
-0.039367
-0.006322
0.003953
-0.008895
-0.010812
-0.006156
-0.002948
0.013241
-0.049363
0.092164
-0.007014
-0.005123
0.000394
0.026777
0.037397
0.099002
0.045283
-0.001468
0.002832
-0.001236
0.022285
0.104352
0.009174
0.153937
0.073012
0.024446
-0.001620
-0.016177
0.130413
0.006350
0.002715
-0.007807
-0.002382
0.011235
-0.005094
-0.013864
-0.001459
0.058261
0.031282
-0.005515
0.083117
-0.000361
0.017062
-0.008318
-0.011282
0.080392
0.004346
-0.000700
0.127677
-0.009461
-0.005926
-0.013354
-0.012940
-0.011521
0.005001
0.009195
0.149570
-0.026248
-0.028482
-0.002248
-0.009786
-0.016459
-0.023589
0.000706
-0.000438
-0.020039
-0.007587
-0.007721
-0.003846
-0.006652
0.035009
0.000456
0.051543
-0.016785
-0.001218
-0.000296
-0.012877
0.012800
0.009583
-0.002769
-0.041213
0.001891
-0.000395
0.037172
0.008817
0.045622
-0.010984
0.118475
-0.013663
-0.002773
-0.002837
-0.000033
-0.002990
0.029062
0.103772
0.004431
0.002830
0.003556
0.004691
0.020873
-0.007309
0.110629
0.000989
-0.000506
-0.005865
0.033942
-0.011187
-0.005603
-0.010901
0.033193
-0.000508
-0.048068
-0.011978
-0.007043
0.078151
0.135556
0.068045
0.005242
-0.002781
0.000611
-0.022466
-0.012239
0.066892
0.003187
0.044469
0.058561
0.005002
-0.025177
0.021249
0.020003
0.000051
0.005224
-0.005989
0.026866
-0.000608
-0.042843
0.000545
-0.006067
0.034942
-0.016038
0.000930
-0.010610
-0.009260
0.000363
-0.002737
-0.018538
0.057870
-0.041376
-0.001990
-0.001847
-0.030585
-0.000220
-0.000853
-0.009973
-0.002688
-0.021718
-0.000172
-0.045905
-0.009348
-0.007612
0.000990
0.090638
-0.000840
0.089712
-0.002857
0.023471
-0.002897
0.000852
0.046399
0.000357
0.104312
0.051282
-0.001280
-0.035810
0.153873
-0.029751
0.006349
-0.010233
0.004935
0.006767
-0.000545
0.003842
0.034234
-0.006410
-0.006422
0.058517
-0.003163
0.001539
0.009065
-0.004433
0.132099
-0.006957
0.003213
-0.007381
0.009646
0.081527
-0.011023
0.013599
0.116679
-0.012092
-0.012566
0.028030
0.000753
-0.005792
-0.028406
-0.009499
-0.015592
0.066519
0.055536
-0.006694
0.003191
0.006895
0.001355
0.089664
0.003886
0.002364
-0.003753
0.117664
0.116714
0.001343
-0.006042
-0.012105
0.055019
-0.001389
-0.027080
0.099562
-0.003447
-0.029219
0.005233
0.072009
0.002650
0.006064
-0.001911
-0.021324
-0.006045
-0.015091
0.000477
0.050198
0.054563
0.021542
0.002694
-0.005136
-0.013479
-0.000004
-0.003125
0.065478
-0.002674
0.011771
0.076338
-0.005859
-0.031829
-0.016033
0.024376
-0.021103
0.004674
-0.002401
0.029669
0.001417
-0.023788
0.031928
0.005492
-0.000304
-0.003337
-0.047523
-0.024306
0.001891
0.119581
0.006503
-0.004241
0.135222
-0.004174
-0.011702
0.064145
0.000944
0.083957
0.002701
-0.004904
0.040363
0.035130
0.000254
0.032673
0.000803
0.038111
0.037817
0.000468
0.004028
-0.000769
-0.013201
-0.006284
-0.000275
-0.034987
-0.024728
0.069673
0.012206
-0.019540
0.010585
-0.004662
0.028582
-0.004911
0.011849
0.000107
0.002599
-0.003633
0.053813
-0.023269
0.076433
-0.021674
0.002155
0.102241
-0.028125
-0.005881
0.078056
-0.002910
0.000685
-0.000284
-0.002877
0.003977
-0.016243
0.021254
-0.016686
0.002067
-0.002727
-0.020729
0.101272
0.004289
-0.004018
0.035178
-0.016860
-0.012043
-0.033539
-0.004695
0.018611
-0.004639
-0.005049
0.001093
0.013532
-0.034768
-0.000953
0.073669
0.012643
0.121269
0.048387
0.018338
-0.003370
0.012820
-0.022852
-0.034362
-0.020232
0.002402
0.055349
-0.010565
-0.011375
-0.004924
-0.008054
-0.000076
-0.012688
-0.002186
-0.005301
0.000214
-0.024226
-0.011085
-0.005468
0.098409
-0.018690
-0.006311
-0.008536
0.124624
-0.010593
-0.010839
-0.000489
0.001961
0.009187
0.037942
0.000980
-0.003878
0.004083
0.030757
-0.004533
0.000462
-0.015853
-0.023654
-0.001763
0.004112
0.001266
0.000058
0.000555
-0.023987
-0.018452
-0.008443
0.001445
-0.003278
-0.007265
-0.006699
-0.003468
0.021456
0.023139
-0.008389
-0.001124
0.005529
-0.011965
-0.019519
-0.005202
-0.020202
0.089722
0.108937
-0.012731
-0.005004
-0.003480
-0.007211
-0.005778
-0.008636
0.014915
-0.032999
-0.000942
-0.000837
-0.012992
-0.017529
-0.003222
-0.006241
-0.000500
0.002890
-0.004700
0.065811
-0.011436
-0.002538
-0.049915
-0.003758
0.006246
0.065794
0.093481
-0.012051
0.005687
0.061122
-0.013813
0.042629
0.002684
-0.011290
-0.014112
0.004645
0.095746
-0.001581
-0.019962
-0.007787
0.100320
-0.005013
-0.001642
0.005974
0.043415
0.006060
-0.002133
-0.004822
-0.009607
0.064910
-0.002186
-0.001197
-0.032956
-0.000276
-0.009382
-0.018704
-0.041695
0.033405
-0.011319
-0.007556
-0.029647
0.006241
0.003152
0.001200
0.002230
0.035908
0.126788
0.036204
0.001498
0.001009
-0.031179
-0.001722
-0.000414
-0.000283
0.007567
-0.003001
-0.003971
-0.022134
0.005603
-0.011604
-0.001565
0.092867
-0.006730
-0.003587
