10
800
-0.093881
-0.130646
0.000016
0.432337
-0.153965
-0.154266
-0.065525
0.004969
-0.051098
-0.034949
0.339458
0.019855
-0.044081
-0.290125
-0.232023
0.037513
-0.015927
-0.176466
-0.251667
0.082384
-0.178974
-0.007951
-0.099864
-0.122068
0.436295
-0.072857
-0.066906
-0.106712
-0.103322
-0.409808
-0.115365
-0.271923
-0.274292
-0.127008
-0.041645
0.038679
0.114863
-0.457201
-0.259676
-0.090239
-0.132920
0.156955
-0.257821
-0.168510
-0.144615
-0.047529
0.079539
-0.230431
0.388327
-0.183374
0.176731
-0.185221
-0.610851
-0.274406
-0.155613
0.051212
-0.133237
-0.196260
-0.253723
-0.124592
-0.036416
0.298636
0.161032
0.202817
-0.011924
-0.205291
-0.293624
-0.119969
-0.337480
-0.116781
-0.314900
-0.268518
0.048822
-0.118828
-0.127198
0.005832
-0.060217
-0.081859
-0.041623
-0.079376
-0.040716
-0.025211
-0.221129
-0.070010
-0.212331
0.237011
0.166728
-0.102110
-0.221536
-0.006622
-0.115001
-0.296342
-0.169102
-0.177696
-0.230465
-0.235798
-0.125113
-0.319059
-0.006148
-0.255621
0.301320
-0.198213
-0.155370
-0.103413
-0.200898
-0.017037
-0.005222
0.453535
-0.064319
-0.152586
-0.324471
-0.041546
-0.118143
0.126813
-0.156400
-0.142613
-0.242158
-0.315191
-0.138741
0.003954
0.023392
-0.188474
-0.123137
-0.227744
-0.303313
0.150669
-0.322279
-0.207519
0.189624
-0.114393
-0.131137
-0.199145
0.032240
-0.000492
0.190584
-0.042104
-0.177189
0.055289
-0.367805
-0.165456
-0.184850
-0.256725
-0.273444
-0.041903
-0.203454
-0.026941
-0.179548
-0.131353
-0.046344
-0.020535
-0.151152
0.191860
0.019205
0.094209
0.259893
-0.234161
-0.126690
-0.213377
-0.129414
0.221674
-0.008647
-0.231375
0.126596
0.021517
-0.226623
-0.187546
-0.097066
0.047039
0.070135
-0.059903
-0.030458
-0.131874
0.171948
-0.195489
-0.110894
-0.078723
-0.280310
-0.126418
-0.320407
-0.274591
-0.117510
-0.188967
-0.040168
-0.183130
-0.101658
-0.027998
-0.058057
-0.365196
-0.077189
-0.375902
-0.137974
0.008528
0.139631
-0.140017
-0.060817
-0.043053
-0.223439
0.007422
-0.231391
-0.143487
-0.162490
-0.113991
-0.303775
-0.414011
-0.154408
-0.159937
-0.038130
0.001450
-0.212988
-0.153708
-0.212288
-0.062859
0.013357
0.000366
-0.258736
-0.111740
-0.016325
-0.137099
0.031648
-0.231973
-0.325069
0.204431
-0.119368
-0.325671
-0.059874
-0.050847
0.116396
0.006295
-0.081114
-0.302082
-0.117819
0.021821
-0.221312
-0.023898
-0.379735
-0.324645
-0.310316
0.013115
-0.163588
-0.190338
-0.186740
-0.231675
-0.110954
-0.491737
-0.018289
-0.105707
-0.000709
-0.136010
-0.271351
-0.229106
0.197828
0.059117
-0.104247
0.043926
-0.000998
-0.013020
-0.185268
0.085765
-0.120706
-0.008070
-0.128793
-0.302672
-0.222450
-0.211805
-0.240539
-0.019634
0.096219
-0.001397
-0.235520
-0.066204
0.081378
-0.262442
-0.190687
-0.175229
-0.036253
-0.043671
-0.340421
-0.092396
-0.035773
-0.056436
-0.118072
-0.096215
-0.133604
-0.088716
-0.368703
-0.126286
-0.043390
-0.113478
-0.202300
0.014585
-0.074629
-0.262808
-0.180124
-0.075064
0.013446
-0.160369
-0.080231
-0.099720
-0.046266
-0.178547
0.253652
-0.031705
-0.333060
-0.303785
-0.105638
-0.201225
-0.281468
-0.078614
-0.359264
-0.059464
-0.168369
0.043844
0.220440
-0.310347
-0.193672
-0.027478
-0.102593
-0.142021
-0.330479
-0.250669
-0.039341
-0.315247
0.237832
-0.353558
-0.089987
-0.142623
0.079132
-0.013146
0.282897
0.105578
-0.032707
-0.041238
-0.063492
-0.003291
0.248570
0.020754
0.471673
0.242461
0.069452
-0.092681
-0.216449
0.369811
-0.106153
-0.013275
-0.110271
-0.117935
-0.321882
-0.084837
-0.424914
-0.106837
0.234587
0.032227
-0.315952
0.319224
-0.067842
0.006960
-0.345960
-0.149701
0.222345
-0.051758
-0.084904
0.394078
-0.173890
-0.174078
-0.181872
-0.365292
-0.090977
-0.214948
-0.018936
0.451936
-0.299203
-0.230564
-0.068487
-0.253731
-0.236487
-0.261063
-0.107296
-0.099044
-0.193923
-0.282387
-0.378237
-0.013225
-0.280519
0.088899
-0.184620
0.130939
-0.180605
-0.186187
-0.059575
-0.169085
-0.064563
0.006973
-0.119659
-0.086132
-0.130448
-0.150073
0.096963
-0.258621
0.062903
-0.231228
0.347632
-0.040586
-0.103464
-0.012516
-0.145043
-0.342513
0.046519
0.315875
0.043860
-0.242260
-0.094269
-0.140997
0.001429
-0.340387
0.286495
-0.173938
-0.208944
0.031965
0.082128
-0.204117
-0.300516
-0.155514
0.061569
-0.092025
-0.310471
-0.336416
-0.384735
0.155873
0.420297
0.189895
-0.164152
-0.026332
-0.300641
-0.226317
-0.163862
0.057882
-0.082625
0.105862
0.121877
-0.035211
-0.150616
0.013647
0.012065
-0.131657
-0.038448
-0.304495
0.085688
-0.210247
-0.116473
-0.066072
-0.332951
-0.050914
-0.206437
-0.269358
-0.207894
-0.258080
-0.346296
-0.250293
-0.102636
0.157583
-0.288225
-0.263746
-0.307541
-0.335997
-0.274110
-0.092589
-0.163876
-0.159144
-0.109163
-0.305159
-0.264268
-0.360519
-0.090992
-0.060403
0.282563
-0.115760
0.237377
-0.240348
0.039295
-0.103395
-0.052893
-0.007207
0.013882
0.254663
0.168798
-0.219160
-0.261472
0.438314
-0.181105
-0.001250
-0.133425
-0.337261
-0.259559
-0.190730
-0.288741
0.092941
-0.284391
-0.007422
0.143408
-0.123589
-0.014728
-0.216038
-0.044326
0.437208
-0.044887
-0.348464
-0.087330
0.024030
0.229902
-0.378828
0.019014
0.364743
-0.299036
-0.344344
0.079619
-0.051530
-0.159967
-0.209796
-0.104729
-0.205199
0.191343
0.152014
-0.293029
-0.190626
-0.036944
-0.025373
0.236411
-0.172485
-0.287884
-0.189174
0.386847
0.364671
-0.005193
-0.093587
-0.107433
0.140653
-0.303656
-0.308133
0.265060
-0.160872
-0.092408
-0.378214
0.211187
-0.018957
-0.236869
-0.317292
-0.180693
-0.151504
-0.239475
-0.198916
0.095117
0.089724
0.046543
-0.039048
-0.080120
-0.392035
-0.391773
0.012209
0.099273
-0.218406
-0.079158
0.251779
-0.249160
-0.187347
-0.322012
0.050761
-0.203215
-0.010264
-0.125705
0.005330
-0.011735
-0.155761
0.097804
-0.157155
-0.173692
-0.050465
-0.225926
-0.116709
-0.264709
0.408251
-0.014783
-0.341303
0.348450
-0.055274
-0.261548
0.140260
-0.112989
0.209567
-0.021870
-0.208004
0.130241
0.081185
-0.010459
0.027727
-0.020901
-0.011139
0.116242
-0.084386
-0.212852
-0.069848
-0.145261
-0.203914
-0.108751
-0.282823
-0.198698
0.229082
0.025405
-0.117314
-0.117964
-0.251124
0.021753
-0.117732
-0.282262
-0.169193
-0.263993
-0.265328
0.170266
-0.219100
0.191519
-0.406260
-0.066287
0.245372
-0.170189
-0.256776
0.162173
-0.076122
-0.041927
-0.047440
-0.114979
0.019165
-0.295557
-0.149810
-0.170225
-0.307075
-0.147749
-0.347369
0.319812
-0.090809
-0.110657
0.082231
-0.185487
-0.257469
-0.169536
-0.283118
-0.059442
-0.063319
-0.248063
-0.241803
0.087318
-0.222565
-0.049480
0.243990
-0.032916
0.380672
0.075186
0.031457
-0.151580
-0.004788
-0.357782
-0.146207
-0.498738
-0.426388
0.141899
-0.175774
-0.240292
-0.219434
-0.047866
-0.202655
-0.097015
-0.027370
-0.226842
-0.027082
-0.274450
-0.080836
-0.097736
0.319220
-0.273583
-0.092881
-0.075212
0.429888
-0.214681
-0.322312
-0.036355
-0.138986
-0.037242
-0.009030
-0.213440
-0.185794
-0.229016
0.082172
-0.446073
-0.132372
-0.081181
-0.095161
-0.022310
-0.128142
-0.150012
-0.021189
-0.188386
-0.148055
-0.212595
-0.324138
-0.334277
-0.185247
-0.096825
-0.123052
-0.203834
-0.030465
0.053274
-0.236331
-0.015010
-0.041047
-0.116661
-0.212816
0.006217
-0.233882
0.245652
0.357572
-0.264993
-0.169733
-0.285733
-0.416105
-0.236104
-0.311191
-0.020647
-0.357811
-0.084633
-0.262975
-0.106640
-0.316360
-0.187337
-0.100077
-0.333450
-0.283979
-0.077432
0.145137
-0.150271
-0.146082
-0.214948
-0.371771
-0.239914
0.167514
0.271007
-0.143516
-0.129135
0.225204
-0.028205
0.104414
-0.123676
-0.132164
-0.162672
-0.061300
0.256188
-0.163083
-0.201943
-0.080117
0.277000
-0.439011
-0.018350
-0.043925
0.063890
-0.047122
-0.233081
-0.202356
-0.059866
0.179790
-0.062845
-0.046068
-0.176139
-0.302758
-0.033693
-0.288163
-0.371937
0.172853
-0.214675
-0.104103
-0.226203
-0.118629
-0.010570
-0.070680
-0.023237
0.111721
0.399693
0.135305
-0.044949
-0.208493
-0.168432
-0.039082
-0.181328
-0.129669
-0.005785
-0.101561
-0.319027
-0.260363
-0.000125
-0.234315
-0.073030
0.228765
-0.044571
-0.180122
-0.249778
0.105018
0.084889
0.203041
-0.377542
0.401311
0.259159
-0.024956
-0.024765
0.014546
-0.063607
-0.153724
-0.075073
0.422699
0.138574
-0.117319
-0.065783
-0.261534
0.347416
0.158257
0.411118
-0.047687
-0.031565
-0.042185
-0.007485
-0.018487
-0.020979
0.091097
0.051351
0.595846
-0.043333
-0.242169
-0.264045
-0.328004
0.079096
0.388321
-0.203398
0.248364
0.495738
0.109698
0.244717
0.433389
-0.566381
0.142729
0.382530
0.164375
0.225583
-0.451345
-0.356499
0.318915
0.245100
-0.620985
-0.002368
0.078567
-0.252304
-0.006775
-0.144765
-0.006401
0.092038
-0.180634
0.058586
-0.011987
0.010538
0.493912
-0.095819
-0.171237
-0.624914
0.119884
0.102838
0.325165
0.216135
0.371471
-0.043481
0.265639
0.128925
-0.065446
0.194914
-0.057397
0.037158
0.158351
-0.142914
0.012417
-0.170800
-0.004646
-0.121637
-0.088598
0.080707
-0.199921
0.129095
0.118205
-0.048112
0.300968
0.160112
0.416177
-0.305598
-0.218431
-0.227996
0.010282
-0.043538
-0.570672
-0.121246
-0.104355
0.301640
-0.142143
-0.178946
-0.174676
0.293733
0.183959
-0.088369
-0.413698
0.079816
0.098438
-0.038828
-0.210138
0.022917
0.061035
-0.849837
-0.075347
-0.445748
0.047142
-0.099735
-0.741287
0.160800
-0.427424
0.280505
0.214083
0.415135
0.047496
-0.022617
-0.456976
0.309801
0.048548
0.034783
-0.047703
-0.066226
0.062273
-0.490065
0.134389
0.550030
-0.353413
-0.159377
-0.356901
0.178283
-0.016549
0.036144
-0.039169
0.388295
0.025710
-0.095892
0.053582
-0.023921
0.299962
0.056842
-0.242133
-0.129360
0.520713
0.072073
-0.264079
-0.138737
0.251314
-0.178161
0.018664
0.393207
-0.108660
-0.096033
0.062711
-0.254456
0.023734
-0.034804
-0.008096
-0.042909
-0.367414
-0.049591
-0.059853
-0.014995
-0.146084
-0.102092
-0.179705
0.163009
-0.476581
-0.073288
0.270616
0.334196
-0.608663
0.143834
0.198576
-0.247425
0.146519
0.077411
-0.142733
-0.112615
-0.202174
0.045508
0.264807
-0.084121
0.042289
0.261942
0.033777
0.123253
0.074771
0.676353
0.041920
0.260492
0.675813
-0.255207
0.059515
0.038460
0.031621
-0.501406
0.126245
0.128132
0.858343
0.191049
-0.028399
0.172457
0.451550
-0.211237
-0.298431
0.026774
0.505826
-0.001356
-0.069973
0.273441
0.198743
0.006979
0.041000
0.005601
-0.063448
-0.216855
0.006814
0.369254
0.003326
-0.400867
0.030315
0.361676
0.515484
0.031986
0.083579
-0.280439
-0.506316
0.210852
0.692141
0.065205
0.181852
0.066987
-0.187646
-0.222879
-0.024650
-0.040444
0.542178
-0.103428
-0.036504
0.091888
-0.018429
0.210827
-0.043137
-0.641636
0.116118
0.252407
-0.123232
0.180950
-0.112829
-0.516600
-0.088041
0.408044
0.039197
0.141558
0.036387
0.002140
-0.447152
0.283917
0.377691
0.125821
-0.296607
0.006097
0.093685
-0.071670
0.200716
-0.037854
0.160058
0.251939
-0.087432
-0.157395
-0.329693
0.593583
-0.224193
0.049551
0.126570
-0.216518
-0.014978
-0.236600
0.458508
-0.064728
-0.274295
-0.066844
0.393025
0.141993
-0.179789
-0.039679
0.069312
-0.088104
-0.083297
-0.510794
0.521417
-0.461087
-0.438293
-0.234691
-0.035416
0.008672
0.131456
0.037444
0.004017
-0.002572
-0.738684
-0.132863
-0.104039
0.461134
0.160314
0.147658
0.211379
0.254035
-0.130631
-0.029883
0.319335
-0.075248
0.712221
-0.105959
1.075633
-0.120569
0.323382
0.088246
0.095842
-0.009231
0.171753
0.220262
0.030676
0.862574
-0.017142
-0.005163
0.114382
0.172761
0.479848
0.121131
-0.028015
-0.027076
0.050263
0.384477
-0.048074
-0.082289
-0.355443
0.882877
0.210279
-0.492696
-0.118668
0.168051
0.013505
0.503594
-0.386537
0.078178
-0.035161
0.341228
-0.192457
-0.166703
-0.097048
-0.247483
0.191581
-0.060642
0.509495
-0.370961
-0.382088
-0.522694
-0.467574
0.121614
-0.004435
-0.884164
-0.079545
-0.191956
0.033238
-0.328368
0.282304
0.395523
0.031182
0.125685
0.320194
0.104046
0.177707
0.283125
-0.334643
-0.161538
0.024697
-0.126422
-0.098114
0.275649
-0.103051
0.120571
0.016924
-0.156403
0.241173
0.214923
0.375725
0.222511
0.027322
0.313124
0.009285
0.337565
0.050179
-0.294681
-0.024082
-0.057861
0.690653
0.211227
-0.208553
-0.105762
0.431503
-0.088717
0.368714
0.814466
0.045432
-0.057079
-0.202660
0.351402
0.020691
-0.087855
-0.169512
-0.602203
0.087297
0.277953
0.221816
-0.155711
0.082383
0.313216
0.753217
-0.288905
-0.142503
0.353360
-0.378639
0.228313
-0.011275
0.131978
-0.096656
-0.260768
-0.013078
0.122210
0.598455
0.119694
0.267210
0.023886
0.432185
-0.398181
-0.000251
0.333075
-0.263133
-0.503605
0.958256
0.131402
-0.271254
0.540127
0.045255
-0.223234
-0.219126
-0.707672
0.530948
0.384458
-0.994455
0.730804
0.118018
0.118420
0.073586
-0.291278
0.115506
-0.196899
0.531162
0.148939
0.059064
0.019603
0.157688
0.344881
-0.102660
0.357047
-0.039604
-0.050280
0.459621
0.035159
-0.307717
-0.525871
0.310787
-0.423877
-0.281331
-0.678564
0.490848
0.011146
0.237395
0.436109
0.346009
0.539607
0.031120
0.485637
0.025730
-0.031586
0.172859
0.008952
0.626813
0.046569
-0.063785
0.010395
-0.054153
0.076453
0.324018
-0.353067
-0.116642
-0.076740
-0.013514
0.070798
0.175868
0.074409
-0.007333
-0.162328
-0.117346
-0.249871
-0.232969
0.444826
-0.008679
0.255702
0.201215
-0.020554
0.187573
-0.199921
0.594428
0.361663
0.211269
-0.113204
-0.101817
0.016292
-0.238665
0.158862
-0.159204
0.095910
-0.456254
0.291960
-0.271029
-0.613853
0.186767
-0.098673
-0.011390
-0.584741
0.216538
-0.382495
0.453328
-0.686619
-0.074538
-0.130463
-0.028345
0.151891
0.110002
-0.063286
0.274210
0.599198
0.039818
-0.642827
0.445961
0.622972
-0.027941
0.351317
-0.676399
-0.308970
0.389745
-0.538695
-0.135422
-0.307764
-0.299777
-0.025227
-0.127848
-0.067161
0.432196
0.552047
0.042188
-0.813780
-0.216227
0.404968
-0.062834
0.060176
-0.427325
0.225973
0.083448
-0.210927
-0.068963
0.010763
0.152833
0.002104
0.194149
0.158504
-0.039565
-0.052717
-0.202125
-0.011147
-0.285837
-0.002195
-0.094829
0.113482
0.191629
0.029815
-0.237985
0.244758
-0.739160
-0.458183
-0.059768
0.002395
-0.357091
-0.509131
0.746177
0.021396
0.001980
0.142460
0.421601
0.516239
-0.081483
-0.062408
-0.529419
-0.180031
-0.265142
-0.077443
0.236090
-0.154016
0.124218
-0.140961
0.280417
-0.041379
-0.022101
-0.454020
0.031755
-0.368071
0.263182
-0.329907
0.297303
-0.169338
-0.884382
0.038501
-0.432084
0.587056
0.088120
-0.269706
0.872144
-0.312483
-0.189129
-0.451785
0.075627
0.089566
-0.037826
0.161307
-0.852450
0.105993
0.429374
-0.151285
-0.228464
-0.003226
0.020395
0.169131
-0.279771
-0.172475
-0.301046
-0.471232
-0.215639
-0.080641
0.183147
0.241159
-0.028460
-0.080584
0.240184
-0.098132
0.396894
0.254319
-0.024918
-0.914094
-0.203101
0.055569
-0.039416
-0.402431
-0.018550
0.066035
0.203529
-0.118206
-0.363484
-0.007811
-0.153933
-0.064912
0.181065
0.165190
0.165988
0.169493
-0.162577
0.120230
-0.124002
0.038200
-0.251901
0.089635
-0.173958
0.274284
0.035682
0.265843
-0.258802
0.439479
-0.342449
0.172554
-0.367362
0.190472
0.273860
0.093292
-0.556210
0.039001
0.121235
0.048180
-0.043444
-0.316632
-0.189800
-0.108593
-0.656991
-0.373788
-0.090913
-0.686190
0.447497
0.181521
-0.023613
-0.090138
0.640441
0.073338
-0.693125
0.519875
0.609189
-0.080272
-0.140198
0.572198
0.202666
0.377027
0.113226
-0.026340
-0.124910
-0.348582
0.007885
-0.879641
0.118590
0.188874
-0.121491
0.294241
0.220284
-0.026474
0.413878
0.259720
0.028570
0.196023
-0.265276
-0.207773
0.063397
0.129579
0.135141
-0.314442
-0.198514
0.014453
0.147367
0.048106
-0.017410
-0.313451
-0.032197
-0.357507
0.419991
-0.262002
-0.056185
0.322316
-0.029767
-0.081288
0.376733
0.246343
-0.532902
-0.746803
-0.219197
0.370967
-0.148783
0.210289
0.201877
-0.014309
0.080218
0.003116
-0.008431
0.061359
-0.092396
0.079241
0.176372
-0.024705
0.029827
0.763467
0.279111
-0.051949
0.074145
0.352296
-0.298517
-0.008936
-0.180563
-0.182474
-0.047370
0.038343
-0.367502
-0.264853
0.087137
-0.142816
-0.246510
0.056405
-0.679874
-0.074987
0.022972
-0.102560
-0.021264
0.047702
-0.154929
0.453483
0.387020
-0.484449
0.020770
0.013959
0.214680
-0.289811
0.056593
-0.236374
-0.063211
-0.148483
-0.148476
-0.058279
-0.090938
-0.205953
-0.112078
0.440828
-0.008917
0.550931
0.373009
0.545565
-0.210752
-0.152250
0.025734
-0.573093
0.062648
-0.050421
0.451011
0.622044
-0.292281
-0.278582
-0.245553
-0.080687
-0.050340
-0.027577
-0.044343
0.016611
0.700432
-0.308317
0.232673
-0.168645
-0.417780
-0.356616
0.086153
0.233491
0.652261
-0.442601
0.196216
0.129598
-0.181501
0.014164
-0.108091
0.073793
-0.625376
-0.277122
-0.122056
-0.419896
0.044281
-0.009844
-0.273039
0.010617
0.006501
-0.050649
-0.025817
0.061144
-0.219204
0.016123
-0.110537
-0.067118
0.212491
0.097210
-0.005340
-0.340408
-0.050479
0.220878
-0.058729
-0.180407
-0.015278
-0.357674
-0.108963
0.515393
0.089563
0.259448
0.459753
0.207090
0.320698
0.130298
0.813668
-0.347267
0.996601
0.441074
0.966473
0.156955
0.082301
0.466635
0.231591
0.253856
0.211444
0.246911
0.041512
0.659273
-0.769770
-0.179396
0.211986
-0.512005
0.103014
0.404315
-0.019699
0.246293
0.590720
-0.065835
-0.111674
-0.610511
-0.368175
0.180155
-0.030098
0.929917
-0.173013
-0.057131
-0.489100
0.001120
0.004004
-0.002177
-0.085290
0.000695
0.230525
0.626137
-0.495799
-0.411493
0.346136
0.369174
0.048316
0.438309
-0.066335
0.259467
0.014907
0.000083
0.142836
0.346530
0.369570
0.017894
-0.308686
-0.056459
0.143225
-0.136799
-0.032007
0.662612
0.327716
-0.362351
0.374012
0.514693
0.134232
0.523559
0.060762
-0.277424
0.020391
0.510716
-0.082142
-0.255461
0.223113
-0.224099
0.624650
0.298647
-0.017322
-0.203386
0.201297
-0.028543
0.073206
0.158069
0.104311
-0.458167
0.094309
0.215345
0.197342
0.270728
-0.178522
-0.015135
-0.602369
-0.230684
-0.274100
-0.012059
-0.532484
-0.116077
0.608510
-0.086811
-0.434235
0.343326
-0.367003
-0.370010
-0.104199
0.205258
-0.011155
0.651354
0.133577
0.006233
0.012050
-0.302521
-0.465832
-0.408313
-0.167555
-0.115618
0.104873
0.864483
-0.627840
-0.198585
-0.152024
-0.003708
0.094205
0.015575
-0.008902
0.185733
0.301843
-0.042036
0.161974
0.091823
0.018479
-0.310336
0.225869
0.508958
-0.091908
0.431240
0.054199
-0.366004
-0.587718
0.170200
-0.048384
-0.651231
-0.027697
0.437608
-0.389886
0.481354
-0.033947
0.383266
-0.009200
0.626635
-0.177451
-0.088427
-0.188548
-0.114080
0.305814
0.104582
0.025095
0.034682
0.030704
-0.586738
0.136002
-0.060332
0.195180
-0.163331
0.097410
0.347239
0.222575
0.248792
-0.032818
-0.730078
0.038589
0.587327
0.277034
-0.162071
0.690016
0.190706
0.501580
0.025231
0.000594
-0.004565
-0.041322
-0.029844
-0.103168
0.243289
0.148157
-0.256840
0.076085
-0.232917
-0.098744
0.098202
-0.045986
-0.189275
0.095167
-0.558751
-0.180543
-0.227223
0.098547
-0.179563
0.157380
0.067898
-0.120705
-0.031262
0.339717
0.525935
0.186846
0.128366
0.131743
0.355863
0.328108
0.713178
-0.498228
-0.146181
0.244393
-0.393679
-0.027314
-0.077658
-0.137880
0.372815
0.141791
0.216289
-0.177136
0.535564
0.060018
0.144615
-0.118246
0.183664
0.313381
-0.219839
-0.084426
0.041295
0.408633
0.072341
0.047586
0.015781
0.069398
-0.160852
-0.195181
-0.271522
0.055813
-0.195270
0.101350
-0.012378
-0.233015
-0.509824
-0.466642
0.235804
-0.022558
0.236088
-0.387295
-0.382051
0.216688
0.048629
0.087450
-0.295224
0.012727
0.361246
-0.045273
-0.000737
0.119896
-0.503978
-0.016362
0.466923
0.090794
0.136440
0.017843
0.415238
0.105359
-0.263598
0.096160
0.321898
-0.298696
-0.628764
0.111073
-0.391757
-0.562095
0.108993
-0.049487
0.648391
0.426001
0.513502
0.213137
-0.011215
-0.146776
0.362500
-0.040736
0.380717
-0.155272
-0.722333
-0.475535
-0.461838
-0.106205
-0.096646
0.185238
-0.177430
-0.070369
-0.002451
0.243574
0.122693
-0.618479
0.082770
0.068158
-0.101861
-0.083908
-0.414569
-0.148877
-0.108015
0.043388
0.482152
0.309468
0.022326
-0.011058
-0.002082
-0.297148
-0.217943
0.740781
0.279799
0.392247
-0.448705
-0.349222
-0.559103
-0.197684
0.109891
0.067967
0.757028
-0.004351
-0.067352
0.015560
0.129566
0.506936
0.421153
-0.670810
0.007545
0.034549
0.356925
-0.302932
-0.079420
0.163512
-0.716493
-0.640329
-0.306251
-0.114375
0.272069
-0.066553
-0.465578
-0.046662
0.140383
0.107829
0.235602
-0.254304
-0.054787
-0.446403
0.297989
0.167476
-0.037530
0.108103
0.212264
0.007515
0.690601
0.858771
0.225974
0.013428
-0.515123
0.025790
-0.019672
0.268527
0.186897
-0.634709
-0.452304
0.176185
-0.097517
0.427295
-0.032418
-0.302149
0.199381
-0.157631
0.314864
-0.034979
-0.035090
0.069247
-0.436018
-0.116757
0.374008
-0.074062
0.086261
-0.191302
0.024147
-0.155076
-0.115887
-0.484048
-0.438021
-0.190642
0.010889
-0.420251
-0.325715
0.876036
0.339857
0.024521
0.379127
-0.026121
0.183439
-0.008436
0.232592
-0.047821
0.001960
-0.125100
0.048833
0.090583
0.075858
-0.963920
0.387035
-0.290007
0.119207
-0.619309
-0.050084
0.176836
0.179233
0.043240
0.049482
0.042951
-0.056605
-0.144176
-0.339637
-0.393168
-0.402660
0.021126
-0.386718
-0.157594
-0.007784
0.112980
-0.090990
0.030114
0.814272
0.108450
-0.109904
0.036745
0.001076
0.508788
-0.076938
-0.170419
0.210361
0.173476
-0.243372
0.532297
0.189395
0.108821
0.101520
0.000187
0.467868
-0.213150
-0.208723
-0.134889
-0.607854
0.550875
-0.003016
0.365072
-0.001619
0.478821
0.236425
0.395938
0.434310
-0.001923
0.037424
0.352896
-0.327884
-0.059226
0.346461
0.310666
-0.200710
0.040410
-0.271560
-0.054054
0.328967
0.295280
-0.067267
0.108005
0.116039
-0.301319
0.413861
-0.095399
-0.074414
-0.142637
-0.418028
-0.147305
-0.310999
-0.179326
-0.172993
0.068119
-0.260661
-0.215074
-0.302331
-0.086956
0.051571
-0.146372
-0.093610
-0.116663
0.014060
0.467632
-0.057457
-0.049513
0.088643
0.304708
0.497604
0.679390
0.218150
-0.242817
-0.466661
0.163090
0.055431
-0.052352
0.005370
0.129869
-0.183033
0.053895
0.197372
0.079322
1.149112
0.642128
0.395446
-0.015153
0.033680
0.103789
0.101892
-0.583569
-0.204051
-0.025864
0.215597
0.002507
-0.001345
-0.063660
0.091608
-0.005995
-0.294730
0.071056
-0.732702
0.467668
-0.522813
0.763849
0.413567
-0.031003
-0.228609
-0.156611
-0.245062
0.165179
0.374760
0.311269
0.293592
-0.129454
-0.387232
0.118687
0.291265
0.522334
0.157545
-0.088802
-0.339936
0.188958
-0.103954
-0.078270
-0.118728
0.118881
-0.151539
-0.014545
0.507690
-0.030062
0.456866
0.147474
0.009715
0.483925
0.016139
0.137283
-0.418550
0.437584
0.165544
0.502404
-0.141230
0.030454
0.087220
0.084714
-0.017710
0.038895
0.045184
0.053527
0.043810
-0.155820
0.217076
-0.116699
0.003984
0.836799
-0.114058
0.657329
0.638885
0.112392
0.126101
-0.053587
0.334025
-0.227448
0.128751
0.302205
0.012407
0.132170
-0.372524
-0.018644
-0.198589
0.485308
0.442196
-0.048255
0.576201
-0.451518
-0.318572
-0.183103
0.298724
-0.072348
0.076721
-0.366818
0.017680
-0.107195
-0.090238
0.390064
0.626480
0.153423
0.505275
0.013757
-0.446770
-0.560337
0.099035
0.098554
-0.443314
0.103488
0.008573
-0.499711
-0.240972
0.165496
0.285849
-0.234228
-0.109646
-0.066393
0.192403
-0.414661
0.122847
0.542907
-0.173086
-0.267184
-0.410057
0.817837
0.079502
-0.071391
-0.201715
-0.105511
-0.337864
0.062523
-0.077661
-0.041028
-0.460684
-0.080778
0.037801
-0.153080
-0.224731
-0.701292
0.021857
0.082844
-0.318480
0.423718
0.379797
0.041697
-0.225408
0.504113
-0.339911
0.269348
0.218595
0.210450
0.253201
-0.059396
0.182714
-0.386199
0.122472
-0.522865
-0.350451
-0.067341
-0.490038
-0.094197
0.012217
-0.062034
0.028197
0.280253
-0.048683
0.223437
-0.026666
-0.147619
0.064604
-0.795178
0.184002
-0.085732
-0.550460
0.223872
0.005648
-0.201278
0.256294
0.674891
-0.116180
-0.018591
-0.014816
-0.230927
0.196224
-0.295859
0.013952
0.421067
-0.097943
-0.100028
-0.278604
0.038091
-0.005934
-0.041294
-0.054024
0.037351
-0.143534
-0.166715
-0.083142
0.071449
0.915007
-0.164376
0.018559
-0.639552
0.352765
-0.272813
0.305061
-0.065365
0.052295
-0.243689
-0.204278
-0.211233
0.039188
-0.491241
0.709793
0.310488
-0.053326
-0.867072
0.061052
0.774349
-0.119992
-0.037920
-0.002472
-0.732061
-0.706808
-0.097706
-0.327959
0.109752
0.485360
0.172284
0.198475
-0.137788
-0.413621
0.452682
0.137841
-0.278596
-0.050625
0.547847
0.386636
0.072467
0.146456
-0.100996
-0.038063
0.051735
0.559963
0.135022
-0.093443
-0.171832
-0.018891
-0.059191
0.038768
0.035570
0.142812
0.055317
0.552238
-0.046249
0.027881
-0.342215
-0.006373
-0.125930
-0.241903
-0.055551
0.030410
-0.076239
-0.037455
0.225072
-0.544386
0.030410
-0.412690
-0.242938
-0.509772
-0.008562
-0.336710
0.275810
0.528632
-0.134119
0.363223
-0.268357
-0.044051
-0.186796
-0.492939
0.730487
-0.185470
0.114044
0.130420
0.811803
-0.363816
-0.731067
-0.461960
0.048892
0.313097
-0.518361
0.370063
0.093667
-0.089598
0.428992
0.173257
-0.238034
-0.064533
-0.249149
-0.061162
-0.696923
0.559098
0.430590
0.426779
0.086143
0.246763
0.502621
-0.266002
0.101806
-0.343548
-0.437727
-0.334564
0.008247
-0.191270
0.698469
0.123647
-0.023258
-0.052720
0.011709
-0.030687
-0.083775
0.819733
-0.187676
-0.526132
0.152929
0.581697
-0.667647
0.112903
0.044697
-0.046538
0.019738
-0.440563
-0.009837
0.047982
0.063257
0.115599
-0.156218
-0.082421
0.177430
-0.079001
-0.194556
0.587939
0.156587
0.171427
0.173574
0.526113
0.372676
-0.048927
0.048566
0.280939
0.479407
-0.137153
-0.030841
-0.027531
-0.078721
0.562715
-0.406983
-0.127715
-0.356900
0.219708
0.019335
0.634985
-0.587867
0.093109
0.278839
-0.095617
0.221954
-0.092142
0.260922
0.145402
0.046731
0.058832
0.249222
0.064135
0.298389
0.061321
-0.166220
-0.280179
0.638345
0.096254
-0.303823
-0.406499
-0.125675
-0.247773
0.301452
0.238979
-0.126709
0.107108
0.219876
0.032232
-0.068709
0.040439
-0.030645
-0.270683
0.317262
-0.704060
0.184861
-0.370544
-0.107385
0.456255
0.030993
-0.114173
0.291184
0.012991
-0.291589
-0.484646
-0.087790
0.074530
-0.405948
0.137343
-0.011805
0.225904
0.264751
0.495023
-0.188169
-0.171685
0.089715
0.362037
0.030145
-0.086456
-0.035160
0.359312
0.055258
-0.294607
0.771096
0.192228
0.783142
0.178192
0.037850
0.307010
0.421569
0.128704
0.511044
-0.352966
0.115258
0.088446
-0.085220
-0.267467
-0.013669
0.158175
-0.002481
0.584478
-0.300929
0.038466
-0.043592
0.105687
-0.252389
-0.276268
0.180978
0.025786
0.052293
0.116455
-0.021866
-0.110614
-0.034577
-0.191537
-0.920148
-0.182459
-0.528271
0.033562
0.042723
0.141769
0.278799
0.036782
0.127442
0.435600
0.108965
-0.288521
0.788509
-0.167244
0.171737
-0.090222
-0.462305
-0.277250
-0.033923
-0.066340
-0.031700
0.014603
0.477792
0.465407
-0.017109
0.047819
0.128287
-0.036955
0.119207
-0.339968
0.025018
-0.407273
-0.725131
0.343311
-0.243900
0.481061
0.960423
0.243072
0.436327
0.218118
-0.042757
0.019072
0.692863
-0.448108
-0.096503
0.385363
-0.124629
0.122061
0.387789
-0.073392
0.265545
0.326874
-0.141529
0.199552
0.300316
-0.463392
-0.801395
-0.258674
-0.390897
0.029900
-0.070822
0.106658
-0.092675
-0.349679
0.217499
-0.529844
-0.041523
-0.044956
0.075134
-0.011687
-0.490250
-0.233139
0.032384
-0.070793
-0.264919
-0.504240
0.200833
-0.709061
0.502363
0.061431
0.189143
0.855684
-0.267688
0.053048
-0.054058
-0.514196
0.734078
-0.054714
-0.051906
-0.284740
-0.062320
0.305896
-0.286644
-0.819530
-0.133417
1.165165
0.158360
-0.162406
0.188691
-0.010813
0.054129
-0.068320
-0.162290
0.219697
0.226223
-0.272212
-0.165982
-0.022188
-0.458159
-0.484070
0.044084
0.238822
0.028013
0.330268
0.124013
0.210730
-0.024915
-0.040342
-0.321422
0.584942
0.175363
0.006270
0.454033
-0.125381
-0.365516
0.199083
-0.705899
0.251108
-0.575772
-0.033345
0.123793
-0.148472
0.023838
-0.042594
-0.201519
-0.062717
-0.139273
0.025666
0.220464
0.185447
-0.007809
-0.038575
-0.621785
-0.151553
-0.239369
0.005230
-0.100913
-0.010697
-0.236916
0.238558
-0.250745
0.071353
0.104167
-0.277731
0.039411
0.360804
0.470803
0.056935
-0.451922
-0.023570
-0.329694
0.750186
0.735725
-0.196753
-0.066420
-0.040181
0.066734
-0.440793
0.108911
0.318623
-0.012049
-0.637208
-0.551483
-0.021041
-0.422814
-0.008440
0.675743
0.081520
-0.073800
0.147462
-0.298619
0.208465
-0.088882
0.453928
0.467809
0.463655
0.100503
0.065246
0.058171
-0.485416
-0.328028
-0.265943
0.260863
-0.543002
0.269367
-0.332970
0.036682
-0.151613
-0.068448
0.316670
-0.517556
0.470892
-0.136245
-0.240511
-0.167329
-0.119061
-0.056840
-0.676533
-0.196837
-0.187058
0.222510
-0.022152
0.082490
-0.075340
0.045853
0.206818
0.179686
0.042603
0.029026
-0.038733
0.141086
0.223849
0.428321
-0.655280
-0.037387
-0.124263
0.018189
0.085612
0.193927
-0.013038
-0.072396
-0.164882
0.009926
-0.050963
0.717592
-0.059553
0.134177
0.004573
0.130449
0.095063
-0.125952
0.179611
-1.053707
-0.143629
-0.044649
0.363063
-0.099155
0.198964
-0.284024
-0.248282
-0.046810
0.743482
-0.158657
0.000688
-0.045920
0.079973
-0.241164
0.401827
0.200693
-0.037066
0.142548
-0.082855
0.289628
0.323731
0.141977
-0.195270
0.290116
0.282899
-0.384488
0.096693
0.386623
-0.123142
-0.018513
0.651985
0.246466
-0.228438
0.005204
0.163268
-0.133757
0.159093
0.134913
-0.163246
0.271374
0.222041
0.242248
-0.482963
0.005899
-0.804430
0.014332
-0.166768
-0.001126
-0.545070
-0.028756
0.012530
-0.491089
0.009106
0.118395
-0.160231
0.116553
0.065889
0.170209
0.013209
0.371944
0.242537
-0.006830
-0.409871
0.173560
0.256095
0.090036
0.435807
0.655697
0.161647
-0.108946
0.258807
-0.313262
0.169668
-0.008755
0.028027
0.028975
-0.134753
0.154865
0.031305
0.005677
0.043047
0.128413
0.010276
0.072522
-0.281078
0.033353
0.501004
-0.065929
-0.127199
0.426946
-0.108196
0.082949
0.155003
0.357734
0.479005
-0.082677
-0.412450
0.133227
0.128812
0.071785
0.082245
-0.220635
-0.030543
0.473243
0.138686
0.216185
0.032510
0.244436
-0.371968
0.242411
0.250873
-0.201449
-0.027335
0.048451
-0.472459
-0.068355
-0.120125
0.547201
-0.239825
-0.340279
0.183607
0.145548
-0.208419
0.170497
0.040637
-0.003187
-0.071937
0.017830
-0.335681
0.282625
0.440986
-0.309629
-0.331755
0.055415
0.068527
-0.131038
0.204628
-0.180812
-0.172228
0.198693
-0.121147
0.018779
0.041132
0.188617
0.907478
-0.488766
-0.205291
0.497541
0.031670
-0.227624
-0.560837
0.430228
-0.199484
0.078269
0.051230
0.455136
0.401073
-0.029429
0.780570
0.461078
-0.110386
0.090160
0.382757
-0.102837
-0.044576
-0.161447
0.386819
0.004838
-0.022260
0.279850
0.085016
-0.121853
-0.025070
-0.370404
0.154827
-0.032731
0.112922
0.111551
0.153051
0.322857
-0.143752
0.058210
-0.044833
0.082588
-0.015053
-0.058580
0.950740
0.163338
-0.440201
0.292171
-0.448626
-0.586546
-0.139408
-0.067526
0.080992
-0.314913
0.015059
0.018703
0.216449
-0.355625
0.283693
-0.425487
-0.384594
0.001893
0.505928
0.694791
0.019398
0.710873
0.206902
-0.088183
0.198234
0.591736
-0.267476
-0.295175
0.893703
-0.027057
0.071816
0.039969
0.424690
0.538036
-0.386205
-0.306281
-0.136877
0.388620
0.054531
-0.179665
0.592368
0.415069
-0.254576
0.000403
0.430400
0.202761
0.027581
-0.043184
-0.248359
0.461480
-0.018259
-0.004108
-0.185256
-0.333589
0.144186
-0.035501
-0.086274
-0.811451
-0.211199
-0.049213
0.048486
-0.563853
0.065742
-0.066305
0.334630
-0.240829
-0.510497
-0.011568
-0.379780
-0.979504
-0.151033
-0.816450
-0.616780
-0.133014
-0.302389
-0.070578
0.380583
-0.297045
-0.018229
0.336315
0.018134
-0.046347
-0.682012
-0.073012
0.002758
0.130158
1.002296
-0.108067
0.526931
0.176643
0.005984
0.077174
-0.053464
0.707886
0.057671
-0.232998
0.214725
0.309455
-0.160166
-0.110985
-0.170671
0.050161
-0.131149
-0.371447
0.501891
0.030336
0.480245
0.019487
-0.150274
0.053565
-0.084922
0.063593
-0.132089
-0.033451
-0.365461
-0.260537
-0.014344
-0.413412
0.019045
0.113341
-0.241993
0.048667
0.207061
-0.198971
-0.062213
-0.302370
0.046572
0.132685
-0.126271
-0.613545
0.156935
0.110969
0.132451
0.366629
-0.030112
-0.567985
-0.373056
0.625587
0.415853
0.169511
-0.052186
-0.290801
-0.416512
0.339630
-0.003042
0.045532
-0.089842
-0.018089
-0.001245
0.161394
-0.032585
-0.312304
-0.516905
-0.062718
0.559364
0.106572
0.065018
-0.226723
0.434080
-0.405824
-0.547861
-0.019392
-0.019787
0.272021
0.111703
0.269319
0.255899
0.000848
-0.410095
0.151791
0.432164
0.561016
-0.072777
0.123748
0.283436
0.020528
-0.135023
0.080901
0.015645
0.160443
0.733519
-0.068210
0.455049
0.410586
-0.119577
-0.134166
-0.193876
-0.414445
-0.307168
-0.298437
0.165289
0.865835
-0.015503
0.172033
-0.219098
0.065438
-0.449074
-0.040055
-0.195318
-1.080548
-0.352524
-0.955118
-0.503572
-0.007200
-0.174791
-0.088606
-0.037823
-0.279458
-0.116796
-0.552426
-0.138424
0.069886
0.064739
0.657080
0.176806
-0.000901
-0.201952
-0.026373
0.231004
-0.202017
-0.832273
-0.929837
0.022115
0.082528
0.480024
1.055727
0.663989
0.963530
0.230264
0.664187
-0.492152
-0.446430
0.013712
0.031730
-0.001686
-0.086416
-1.181995
-0.019760
0.161617
1.024688
-0.027493
0.324130
-0.300675
-0.032614
-0.154872
0.017579
0.254995
0.162112
-0.069478
-0.209292
0.215522
0.152102
0.005394
-0.094717
-0.054933
-0.060080
-0.135771
0.426772
0.068401
0.100458
-0.343342
-0.251869
-0.218101
0.402671
0.150954
-0.835993
0.730562
0.024946
-0.078861
-0.058122
-0.369719
-0.662372
0.357059
0.221734
-0.201108
0.547056
-0.248888
0.473355
-0.231430
0.290786
0.101455
-0.296916
-0.197610
-0.044030
-0.129829
-0.092032
0.011469
-0.614494
0.056519
-0.063538
0.002981
0.169459
0.326895
-0.398901
0.008117
-0.166263
-0.338863
0.286398
0.541925
-0.516717
0.236315
-0.318966
0.018063
-0.366690
-0.127407
0.509830
0.037983
-0.004035
0.183727
0.635025
1.182053
-0.136557
-0.041141
-0.036519
-0.368736
-0.376545
0.588445
-0.439518
-0.032377
-0.588322
0.174441
0.106848
-0.047876
0.351658
-0.034136
-0.319268
-0.072710
0.025153
-0.257428
0.378965
-0.222494
0.034348
-0.207944
-0.058171
-0.276176
-0.428882
-0.242664
-0.007972
0.627768
-0.038749
0.312812
-0.208092
-0.344469
-0.062765
-0.034301
-0.045393
-0.066250
0.034897
0.041309
-0.047334
0.041795
-0.060394
0.123707
-0.036201
-0.206180
0.029360
0.023269
-0.162306
0.089115
0.415352
0.248148
-0.289622
0.163007
0.204496
-0.516278
0.013522
0.479436
0.027064
-0.301932
0.801065
0.160261
-0.236691
-0.367921
0.511351
-0.061941
-0.165412
-0.174885
0.548669
-0.166523
-0.164338
-0.562946
-0.286039
-0.182005
-0.487409
0.354878
-0.344975
-0.105126
0.172311
0.032993
-0.209245
-0.099233
0.467561
0.489058
0.074913
0.225652
0.535922
0.155082
0.197822
-0.025148
0.283291
0.217126
-0.064251
0.508558
0.676547
-0.198284
0.497613
-0.219241
-0.416763
-0.445893
0.334901
-0.289415
-0.013724
-0.068882
0.173087
1.019548
0.260591
-0.264818
0.047305
-0.571285
0.185254
-0.098020
-0.228358
-0.277075
0.307729
0.062552
0.087845
-0.117669
-0.059679
-0.102148
-0.099860
0.095588
-0.110689
0.054524
-0.182767
0.113470
0.166624
0.218667
-0.047759
-0.070970
0.032077
0.891129
0.921290
-0.209040
0.037807
0.052982
0.249478
0.381291
-0.454707
0.443085
0.223151
-0.621080
0.533650
-0.579261
0.027405
-0.127681
-0.303264
-0.074581
-0.279500
-0.121496
0.075943
-0.271073
-0.112856
-0.594662
0.264499
-0.060738
0.645041
-0.360804
-0.222268
0.139326
-0.126540
0.174796
0.412920
0.231520
0.167461
-0.282814
-0.311328
-0.028329
0.635655
-0.038187
0.595610
0.210052
-0.016232
-0.204745
-0.025420
0.022861
-0.212656
0.613463
-0.526433
0.232277
-0.506528
-0.177523
0.236354
-0.203015
-0.582123
-0.180673
0.177975
-0.196900
-0.490142
0.001955
0.412798
-0.146759
0.004449
0.219079
0.026058
-0.186895
0.502200
0.146144
-0.149104
0.051591
-0.205309
-0.380584
0.276666
-0.168360
0.365213
0.188598
-0.291049
0.739100
0.040692
0.028588
0.093845
-0.748286
-0.373406
-0.113137
-0.092522
0.091012
0.180161
-0.029160
-0.417246
-0.091762
-0.421635
-0.238625
-0.275454
-0.706913
-0.306522
0.236651
0.280618
-0.190237
0.079648
-0.294772
-0.053197
0.527957
0.078162
-0.436945
-0.020481
-0.070446
0.195850
0.011559
-0.329133
-0.601573
-0.256122
-0.369988
0.161962
0.103340
-0.377229
-0.596166
0.235992
0.108483
-0.466215
0.003974
0.493644
0.511904
0.092354
0.861245
-0.067928
0.828816
-0.157747
0.256027
0.178437
0.159928
0.377514
-1.051317
0.183474
-0.060830
-0.187502
-0.018152
0.121153
-0.314306
-0.053892
0.017188
-0.116693
-0.047637
0.212235
-0.043866
-0.757704
0.871717
0.512765
0.363871
-0.077774
-0.019131
0.085240
-0.105960
-0.552688
-0.806742
-0.042837
-0.600171
-0.026889
0.375417
-0.007426
0.143030
-0.251518
0.132695
0.403997
0.192064
-0.097406
0.046778
0.583855
-0.045609
-0.263711
-0.104763
0.517161
0.122081
0.138221
0.045145
0.501036
-0.101258
-0.017722
-0.012385
-0.102003
0.047661
0.390540
0.160424
-0.019588
-0.075172
-0.040344
0.052945
-0.113783
0.003667
0.790823
-0.777242
-0.080636
-0.051887
0.250916
0.001651
-0.198746
-0.609897
0.103259
0.210541
-0.270158
0.233645
-0.331322
-0.838803
-0.766131
0.350797
-0.041786
-0.323729
-0.612484
0.819019
-0.026765
-0.002406
-0.337751
-0.545750
-0.261352
0.298263
-0.355862
0.013549
0.985601
-0.483785
0.026384
0.460637
-0.065839
0.652746
-0.049219
0.441855
0.692049
0.554166
0.147145
1.296348
0.309616
-0.153590
-0.122683
0.189823
-0.547332
0.030500
0.039410
0.062264
0.084039
0.009427
0.118902
0.038214
-0.172658
-0.070613
-0.568886
-0.392777
-0.010601
-0.475988
0.117511
-0.088600
0.220744
-0.061162
-0.130640
-0.314056
-0.139031
-0.028378
-0.027211
0.042186
-0.382780
-0.094826
-0.049582
-0.232835
0.057880
-0.329305
-0.133977
0.075217
0.189029
0.053997
-0.084497
-0.088793
0.105310
0.466156
-0.035195
0.101739
-0.100618
-0.675667
-0.718262
-0.053703
0.503365
0.004666
-0.209831
0.186758
0.305136
-0.091389
0.295830
0.333924
0.074476
0.263706
-0.182617
-0.074491
-0.012105
-0.067157
-0.062220
0.430051
-0.915960
0.585261
-0.431246
-0.275196
0.152676
-0.179460
-0.155740
0.038902
-0.087848
-0.072064
-0.040370
0.229787
-0.268364
0.356758
-0.047406
0.168310
0.086665
-0.028646
0.727684
-0.161481
0.089399
0.152365
-0.066851
-0.039794
0.086297
-0.118338
0.052903
-0.386983
0.188917
-0.119537
-0.258302
-0.058833
0.509244
0.054446
0.389643
0.194887
0.460473
-0.214185
-0.189089
-0.331335
0.007755
0.335450
0.201329
-0.230630
-0.080191
0.002871
0.355185
-0.271347
-0.108743
-1.467346
0.278723
-0.037084
-0.328972
-0.131824
-0.072966
-0.444604
0.110380
-0.148888
0.107132
0.217573
-0.018166
-0.113694
-0.320310
0.015058
0.257048
0.047506
-0.097045
0.118777
0.619379
-0.370310
0.077356
-0.086847
0.629912
0.743180
-0.030759
0.118975
0.290907
-0.220155
0.349332
0.086653
-0.172420
-0.059261
0.418220
-0.057026
0.871496
0.202523
-0.080281
0.399885
-0.530062
0.078367
-0.047543
-0.374236
0.063597
0.159805
0.519181
0.404475
-0.422528
-0.398733
0.570892
0.533747
0.020491
-0.269254
-0.249316
0.115652
0.172664
-0.217098
0.030652
0.114545
-0.229681
-0.790818
-0.184664
-0.196108
0.115413
-0.179376
-0.197599
0.153191
-0.012512
-0.386618
-0.317977
-0.131070
-0.058424
0.291270
-0.018466
-0.227458
-0.035222
0.060418
0.527364
-0.126571
-0.019284
0.121247
0.518445
-0.113906
-0.198739
-0.082557
-0.231397
-0.114252
0.020046
0.344114
0.596509
0.057176
0.353467
0.088708
-0.351204
-0.115278
0.265286
-0.094837
-0.162847
0.004052
-0.044931
0.032609
-0.188641
0.059244
0.334153
-0.014464
0.393395
-0.163463
0.440358
0.301376
-0.078991
0.023665
0.227864
-0.153113
-0.055955
0.050863
-0.341833
-0.130463
-0.027525
-0.006927
-0.017535
0.207420
0.056069
0.307111
0.225713
-0.065294
0.415318
-0.028060
0.040636
0.189368
-0.061389
-0.077834
0.732765
0.070817
-0.142987
0.137131
-0.037442
0.009701
0.142784
0.272177
0.175161
-0.332356
0.016421
0.034655
1.101175
0.370233
0.564508
0.296980
-0.093212
-0.192042
0.187638
-0.143291
0.203396
0.069822
0.491927
0.060336
0.251769
0.901280
-0.930874
-0.496831
-0.038495
-0.681744
0.423387
0.532049
-0.185755
0.078378
-0.131286
0.034938
0.745921
0.434497
-0.189002
0.303261
0.413559
0.456615
-0.231192
0.168564
0.010233
0.091613
0.333405
-0.487764
-0.601808
0.496436
0.238603
0.011858
-0.076644
0.052616
0.328588
-0.310999
0.093893
0.321993
-0.167644
0.092509
0.033916
-0.007696
-0.160045
-0.399207
0.022333
-0.147749
-0.205421
-0.026695
0.255575
-0.277584
-0.075894
-0.179367
-0.003041
0.325084
-0.097210
0.063025
-0.210818
0.394245
0.066569
0.418147
-0.274700
-0.566938
0.553786
0.205749
-0.342414
0.103888
-0.443727
-0.619256
-0.145489
-0.033010
0.964641
0.001891
-0.347076
0.536712
0.220608
0.124815
-0.268828
0.102860
0.168656
-0.000327
0.052119
-0.584878
0.035384
-0.315951
-0.481967
0.458583
0.321850
-0.322818
-0.025649
0.024119
-0.329812
-0.310075
-0.245578
-0.128575
0.080419
-0.533718
-0.226410
-0.184430
0.665545
0.401612
0.229261
-0.072637
-0.001483
-0.013228
0.006307
0.593118
-0.131983
-0.395193
-0.170120
0.899332
0.222920
-0.275431
-0.117591
0.049801
-0.030233
-0.607172
0.097434
-0.122924
0.048696
0.134273
-1.207024
-0.010878
0.173316
0.115440
-0.822690
-0.218340
-0.105074
-0.075288
0.011419
0.429337
-0.145298
-0.093106
-0.583898
-0.090509
0.026055
-0.464319
-0.012753
-0.186131
0.055141
0.813093
0.211703
-0.047329
-0.112217
0.275316
-0.500630
0.559584
-0.486241
-0.774236
-0.197077
0.299877
0.776515
0.182451
0.129863
0.189715
0.064804
0.512726
0.738045
-0.154310
0.283192
0.191886
0.232481
-0.343078
0.196251
0.180788
0.098859
0.405866
-0.030382
0.205053
-0.192123
0.060526
0.199028
0.517576
-0.311525
-0.240180
0.123771
0.025098
-0.032738
0.321750
-0.214458
-0.283265
-0.084550
0.519170
-0.035342
-0.053348
0.667672
0.022919
0.227647
0.038118
-0.103813
0.238967
-0.077717
0.152060
-0.414525
0.026833
0.057811
-0.082387
-0.068549
0.279629
-0.163312
-0.138859
-0.049815
0.541974
-0.038049
1.043929
0.061777
0.271698
-0.039101
0.434789
0.425850
-0.310735
-0.974714
-0.936020
0.396739
0.174764
0.115377
-0.585316
0.348412
0.053046
0.274973
0.054859
-0.176770
0.098326
-0.034903
-0.270329
-0.028142
0.909485
-0.226377
-0.456589
-0.302298
-0.188858
0.523649
0.237546
-0.792465
-0.064125
-0.016685
0.138226
0.002951
-0.111057
0.546564
0.306244
0.121894
0.345651
-0.226373
0.057720
-0.030465
0.158140
-0.066429
0.136902
-0.169508
-0.739038
0.248648
0.489936
0.069305
0.290986
0.533956
0.082723
0.172278
0.137392
-0.027120
0.785280
-0.512925
0.357781
0.373638
-0.088894
0.014424
-0.051807
0.292117
-0.006869
-0.205052
-0.113963
0.116731
0.723850
-0.436411
-0.054225
0.419860
-0.244203
0.840149
0.524320
-0.440143
0.373590
0.000567
-0.036468
-0.152645
0.027846
0.075954
0.082182
0.245163
-0.297092
0.065749
0.469950
-0.834684
-0.489418
-0.351541
0.014906
-0.457601
0.331505
0.069340
-0.012796
-0.376963
-0.027641
0.090176
0.056620
0.422520
0.236950
0.094092
-0.335617
-0.044686
0.101489
0.201881
0.369709
-0.280759
0.420670
0.015449
-0.235404
0.404463
0.335054
0.289225
0.297720
-0.119944
0.087608
-0.158416
0.797678
0.050993
-0.011680
0.144480
0.346421
0.323792
0.271377
-0.049314
-0.281547
-0.009810
0.133751
-0.030640
0.567298
-1.151961
-0.374274
0.193514
0.038124
0.013032
0.285018
0.138692
-0.019444
-0.241319
0.242914
-0.265749
-0.377015
-0.289651
0.108952
0.139860
-0.379961
-0.034199
0.262693
-0.117724
-0.112276
0.036018
-0.163793
0.984120
0.032522
0.687953
-0.308797
0.042935
-0.275285
0.015909
-0.628903
0.803685
0.051764
0.127604
-0.490824
-0.143989
0.327335
0.193138
0.034159
-0.009422
-0.386275
-0.711216
0.116458
-0.083569
-0.032966
-0.296913
0.030541
-0.156794
-0.022735
0.154734
0.224809
0.122730
-0.290878
0.026134
0.046913
0.403474
0.075409
0.176846
0.134554
0.181982
0.176067
-0.842698
-0.245068
0.658263
-0.102763
-0.079431
-0.387216
0.023609
0.759485
-0.222666
-0.138410
0.708241
0.128463
-0.004952
0.062175
0.093993
-0.077482
0.579480
0.573775
0.426141
-0.216582
0.558959
-0.004351
0.055873
0.112024
-0.092467
0.247327
0.511812
0.044479
-0.513266
0.133463
-0.539545
-0.185487
0.034231
0.261706
-0.064741
-0.411282
-0.037670
-0.298414
1.038558
0.161334
-0.227258
-0.376847
0.023282
0.157892
0.447922
-0.633832
0.244687
0.089680
0.137212
0.020096
-0.258178
0.615042
0.155178
-0.220802
0.083384
0.087450
-0.047999
-0.043854
0.243468
0.425613
-0.722721
-0.421929
-0.077156
0.221450
0.161456
0.310314
-1.017938
0.276692
-0.121725
0.454156
0.028417
-0.511052
-0.027289
0.176596
0.054724
-0.036980
0.314056
-0.052348
0.051851
-0.011693
0.468508
-0.105137
0.101719
0.398238
0.913496
0.072786
-0.333773
-0.788357
0.263968
0.127002
0.003099
-0.147823
0.142817
0.952682
0.158668
-0.162936
-0.077125
0.332368
0.155953
0.033424
0.143061
0.273914
-0.502633
-0.393571
-0.164743
-0.000977
-0.449761
0.041982
-0.174692
-0.322587
0.030581
-0.136449
0.784017
-0.406224
0.336724
0.564295
0.055561
-0.017848
-0.032425
0.538271
-0.020374
-0.080612
0.305040
0.305783
-0.117831
0.185331
-0.146627
-0.097663
-0.227660
-0.272410
-0.534698
0.474279
0.010451
0.747196
-0.646626
0.075765
0.052916
-0.268550
0.095033
-0.376308
-0.300573
0.042785
-0.088196
0.553675
0.033791
0.149717
-0.090082
-0.127609
0.241022
-0.144810
0.021335
0.173971
-0.129646
-0.180643
0.037722
0.281161
0.655257
0.185689
0.036331
0.380189
0.062284
0.210231
-0.367239
0.008809
0.191424
0.075107
0.068869
-0.017156
-0.130652
0.044779
0.485685
-0.060284
0.341873
-0.473220
0.465515
0.114511
0.517747
0.435626
-0.407605
-0.189984
-0.045262
-0.024666
-0.272620
0.284279
-0.668270
-0.091019
0.245557
0.106882
0.117007
-0.347135
0.618543
-0.007043
0.038785
-0.231219
0.045574
0.043643
-0.576815
-0.169416
-0.084180
-0.899868
-0.310757
-0.053208
0.035709
0.467961
-0.031550
0.163370
0.473559
0.645339
-0.097438
-0.096759
0.921255
-0.189911
0.625501
0.025762
-0.239088
-0.470979
-0.319342
-0.365677
-0.123387
0.214497
-0.245866
0.013907
-0.816947
-0.640739
0.081584
0.134480
-0.433038
0.690862
0.153788
0.359912
-0.027644
0.064878
-0.073226
-0.560844
-0.077598
0.002645
0.212001
0.011185
-0.035038
0.000892
-0.333434
-0.069546
-0.538598
-0.249085
-0.230686
-0.023039
-0.032202
0.269572
-0.129705
0.418247
-0.142303
-0.037393
0.137585
-0.051216
0.027866
0.225313
0.024574
0.006046
0.634393
-0.075946
-0.174967
0.321194
0.028705
-0.306302
0.186471
-0.830208
0.388589
-0.012067
-0.311459
-0.019258
-0.353098
0.086876
0.067673
-0.157796
-0.795187
-1.125554
0.005230
0.157422
0.289523
-0.608378
0.500979
-0.670589
0.829659
-0.257417
-0.011239
0.048114
0.102206
0.270610
-0.556648
-0.157458
0.019519
0.085750
0.035399
0.774688
-0.174434
-0.217891
-0.460239
0.510101
0.074968
0.021495
0.271169
-0.057672
0.288844
0.353627
-0.164382
-0.363908
-0.069675
0.023400
0.585985
0.032417
-0.137015
0.477135
-0.121245
0.397122
-0.187358
0.280558
0.086376
-0.451286
-0.162557
0.884332
-0.218041
-0.009615
-0.215251
0.778600
-0.391752
0.105081
-0.007958
0.364726
0.730441
0.156527
0.244416
0.132785
-0.090098
0.289813
-0.085073
0.318956
-0.076489
0.914713
0.103440
0.028914
0.018675
-0.105630
-0.010395
-0.441755
0.322932
-0.099999
0.718119
0.284902
1.279470
-0.392074
0.018667
0.213110
-0.016377
0.137492
-0.206493
-0.027496
0.259062
-0.342950
-0.065029
-0.036900
0.312129
-0.075859
0.136208
0.487841
-0.130314
0.124391
0.164892
-0.013736
-0.325863
0.018090
0.552301
-0.103608
-0.467054
-0.023022
0.332144
-0.038654
-0.011058
-0.109403
0.313951
0.471763
-0.412743
-0.023018
-0.005926
-0.008181
0.017917
-0.039442
-0.139182
-0.465090
0.204018
-0.569545
0.136520
0.065942
0.522477
-0.389446
-0.179367
0.260854
0.100043
-0.038538
-0.095868
-0.290307
0.191693
-0.045686
0.056614
-0.364026
-0.249775
0.062431
-0.438228
-0.751787
-0.575180
0.045157
0.512450
0.151040
-0.154678
-0.239473
-0.083115
0.132964
0.018795
0.104384
-0.286415
0.117604
0.007011
-0.025288
-0.502328
0.220410
-0.581168
0.548680
-0.359325
-0.525352
-0.303845
-0.387966
0.003664
0.256932
-0.247045
0.387416
0.167762
-0.200429
0.199720
0.018821
0.057986
-0.077852
0.404607
0.263535
0.033785
-0.284332
-0.133962
0.228133
0.142330
-0.012050
-0.055166
0.011116
-0.038687
-0.000762
0.175082
-0.020693
-0.190310
0.147263
-0.174194
0.520334
0.017221
0.322825
-0.186860
-0.242786
-0.105486
0.288236
0.092960
0.039677
0.465018
-0.057271
-0.469279
0.175646
0.005841
0.257787
0.358455
0.113099
-0.502955
0.453567
-0.259673
0.232362
-0.133814
-0.586976
0.063768
-0.525092
0.047267
0.134687
-0.328443
-0.637652
-0.008519
0.382713
-0.365350
0.788953
0.207035
0.269804
-0.663414
-0.402345
0.036575
-0.303847
0.086822
0.236884
0.459155
0.586010
0.033114
-0.360953
-0.246507
-0.129285
-0.419608
0.445742
0.398113
-0.034766
0.045314
-0.036905
0.168324
0.072524
-0.266432
-0.423934
-0.123310
-0.360576
-0.241540
0.208606
0.050723
-0.165372
-0.039025
0.229018
0.898783
0.019285
-0.116126
-0.294021
-0.116617
-0.080121
-0.147639
-0.175914
-0.194176
0.236857
0.296503
-0.398799
0.023712
0.291434
-0.234284
-0.193141
0.443160
0.311842
-0.014554
0.023943
0.016008
-0.194997
-0.048743
-0.159602
-0.255908
-0.044177
0.030712
-0.286876
-0.042597
-0.670089
-0.312109
0.125558
-0.350442
-0.250621
-0.334822
0.323193
0.251438
0.297970
-0.223213
0.205674
0.521594
-0.240741
-0.107091
-0.025397
-0.425137
-0.106156
0.127609
0.180102
-0.130362
0.270753
0.419927
-0.086528
0.088563
-0.044440
0.257556
-0.068167
0.531732
-0.363854
-0.500436
0.025368
-0.042127
0.697311
-0.234081
0.197456
-0.526262
-0.017193
-0.024995
0.080583
0.272606
0.126169
-0.197898
0.040064
0.219174
0.183639
-0.075413
-0.292510
0.485066
-0.179423
-0.033082
-0.215032
0.019225
-0.261304
-0.353431
0.207983
0.006168
-0.301891
-0.052906
0.333832
-0.435563
-0.652451
0.017018
-0.272020
-0.084338
-0.353888
0.082362
-0.558433
0.719994
0.139988
-0.150564
-0.121438
-0.257119
0.100302
0.311786
0.009380
-0.035979
-0.244817
0.030029
0.013961
0.032366
0.721753
-0.018543
0.034933
0.088213
-0.213893
-0.038471
-0.060888
0.046578
0.191605
-0.021317
0.016508
-0.042559
0.372803
-0.036447
-0.132054
-0.651486
-0.140199
0.328052
-0.035479
0.179923
-0.717887
-0.454225
-0.101826
-0.005267
-0.267188
-0.387913
0.099654
-0.298675
0.381667
0.043317
0.085610
-0.260275
0.288964
-0.025903
0.224790
-0.223504
-0.234121
-0.213313
-0.023250
-0.048876
-0.058716
-0.104642
-0.034581
-0.091971
-0.275706
-0.162454
0.485398
-0.170287
-0.165006
0.354399
-0.407326
-0.389920
-0.478560
-0.255421
-0.057274
0.037443
0.014803
-0.204879
-0.139453
-0.051751
-0.156782
0.792735
0.734813
-0.582621
-0.394669
-0.103199
0.000251
0.128581
0.091092
-0.185924
-0.248497
-0.181591
0.104827
-0.275280
-0.005684
-0.024388
0.011986
0.239859
-0.286554
-0.278667
0.005276
-0.035743
-0.006138
-0.009872
-0.409876
-0.438380
-0.077504
0.020222
0.041662
0.010160
0.425247
-0.250801
-0.039939
-0.191438
-0.230856
-0.015329
0.085328
-0.188485
0.219637
0.015116
0.153071
-0.534941
-0.356519
-0.022121
0.291877
0.037452
-0.177352
0.005593
0.153260
-0.624019
-0.211294
-0.065630
-0.402902
-0.141408
-0.296499
0.436586
0.004243
-0.135123
0.240040
0.162258
0.248622
-0.065718
0.022875
0.409917
-0.365851
0.017551
-0.182592
-0.136943
-0.350954
0.233841
0.249902
0.050727
0.031149
-0.167511
-0.125560
-0.020162
0.081318
-0.599919
-0.220599
0.139476
0.003462
1.062698
0.163889
0.156952
-0.046332
0.003432
0.016339
0.018348
0.195035
0.068903
0.106374
0.004638
-0.040084
0.390557
0.212090
0.617696
0.273315
0.329637
0.479013
0.319497
0.230131
0.324238
-0.072490
0.087949
-0.430622
-0.079293
-0.029531
-0.085463
0.450550
0.944049
-1.017331
0.683319
-0.061014
0.132887
0.132949
0.000714
0.057462
-0.003660
0.328604
0.310241
-0.029221
-0.007578
-0.022034
-0.043673
-0.086949
-0.151285
0.040692
-0.396836
0.053117
0.156630
-0.031836
0.336212
-0.140943
0.143273
-0.547509
-0.147657
0.185696
0.050254
-0.821880
-0.382816
-0.044307
0.163990
0.331653
-0.207735
0.401045
-0.102623
-0.039118
-0.141948
-0.305447
-0.482083
0.462949
-0.049750
0.281289
0.163582
-0.022721
0.150111
-0.134016
-0.272617
0.055725
0.077504
0.072796
0.593581
-0.051825
-0.075112
-0.110144
-0.713145
-0.014254
0.414805
-0.040829
-0.309006
-0.231483
-0.111346
-0.095868
-0.144173
0.095983
0.102712
-0.349875
0.035632
0.574316
-0.086268
-0.557483
-0.035227
-0.218491
-0.337880
-0.000034
-0.107928
-0.113668
-0.048615
-0.049236
-0.850891
-0.214400
-0.184863
-0.115076
-0.200647
-0.048313
-0.059067
-0.490631
-0.205519
-0.102107
-0.043472
-0.126663
0.484410
-0.031535
0.072767
-0.177137
-0.048216
-0.126295
0.497280
-0.043324
-0.156965
0.140214
0.103056
-0.373371
-0.311340
0.017061
0.042809
0.021291
-0.227991
-0.110872
0.044047
0.507132
0.155148
-0.039410
0.665708
-0.102580
-0.307920
-0.015603
-0.021720
-0.216167
0.220791
-0.283037
-0.193178
0.392346
-0.579665
-0.175145
-0.384884
-0.159678
-0.241839
-0.063050
0.432188
0.286190
0.030768
0.557337
-0.226153
-0.144113
-0.047814
-0.430095
0.365777
-0.319911
0.164505
-0.406678
-0.157164
-0.052717
0.087060
-0.132100
0.078126
0.039060
0.170250
-0.185135
0.032509
0.008756
0.327083
0.499770
0.025027
-0.005427
-0.553520
-0.327978
0.011924
0.490949
-0.361987
-0.067047
-0.329375
-0.071791
0.062183
0.280775
-0.182904
-0.001841
0.210725
0.041563
-0.010241
-0.033626
-0.226878
0.378463
-0.264387
-0.244681
-0.214788
-0.026451
0.061622
0.102662
-0.031180
0.007289
-0.480714
-0.492901
0.058618
0.447981
-0.235827
-0.152956
-0.247707
-0.056113
-0.038549
0.038249
-0.202510
-0.264404
0.029683
0.498917
-0.258791
0.984647
0.143406
-0.573516
0.180993
-0.006883
0.028202
-0.050987
-0.001998
-0.084036
-0.541496
-0.114788
0.196797
0.067015
-0.039447
0.153315
-0.031075
0.170827
0.214267
0.138711
-0.560146
0.481230
-0.144122
-0.389816
0.073823
0.551176
-0.450298
0.309651
0.846605
-0.106994
-0.068310
-0.118917
-0.053899
-0.056127
0.053781
0.163512
-0.017465
-0.755494
0.148703
0.320601
0.987813
0.028488
-0.369086
0.152925
-0.789570
0.141680
-0.046589
0.036362
-0.156442
-0.541081
0.040650
-0.589293
-0.100363
-0.148885
-0.009602
-0.368123
-0.292526
0.108650
-0.080350
0.284506
-0.620559
0.017440
-0.128493
-0.010910
0.315024
0.250212
-0.024085
-0.171327
-0.002270
-0.159627
-0.367113
-0.095985
0.091952
0.145490
-0.197734
0.032368
0.026294
-0.102088
0.215832
-0.920790
-0.298437
0.632725
-0.232329
0.382661
0.104421
0.464296
-0.326163
0.053483
0.187326
-0.010182
0.121351
-0.086713
0.062050
0.091055
-0.421439
-0.247778
-0.065908
-0.115042
-0.255046
0.734440
-1.094722
-0.443551
0.333002
0.025178
0.030252
0.018412
-0.156279
-0.741431
0.125474
-0.395626
0.276852
0.303183
-0.626282
-0.170164
0.073742
-0.085277
-0.203149
0.480170
-0.449552
0.151279
0.069242
-0.001828
-0.028992
0.094647
0.024247
0.061228
-0.001843
0.079856
-0.248937
0.072299
-0.117619
-0.336276
1.153647
0.227277
-0.256223
-0.117513
0.250770
-0.257840
0.011518
0.512004
-0.544576
0.203451
-0.387390
-0.075001
-0.130846
-0.176617
0.011229
0.254651
0.900068
-0.266287
1.010363
0.769276
-0.401485
0.369280
0.163891
-0.328902
0.101164
-0.035926
-0.250313
-0.052453
-0.264416
-0.001696
-0.086682
-0.043163
-0.112524
-0.020749
-0.030082
-0.269081
-0.048774
-0.036660
0.043568
0.088338
-0.061969
0.042876
0.762564
-0.173359
0.121417
-0.075930
-0.283851
-0.174652
0.029565
0.397749
-0.145471
-0.078173
-0.736188
-0.352752
-0.057896
-0.117699
0.040041
0.053743
0.477589
0.450413
-0.225048
-0.218650
0.116445
0.052044
0.178377
-0.431754
-0.077934
0.322641
-0.072728
-0.011891
0.849548
0.094031
0.061328
-0.171948
-0.047876
0.382100
0.026034
0.161244
0.818922
-0.353964
-0.408042
-0.172934
0.042938
-0.923528
0.600270
0.468844
0.320585
-0.150733
0.285495
-0.251618
0.586687
0.138449
0.193295
0.114882
-0.209281
-0.469102
-0.314907
-0.314285
-0.281198
0.578922
0.324013
-0.264846
0.036559
-0.374629
-0.223571
-0.460555
0.147152
0.425774
-0.116613
0.010325
-0.320797
0.025220
-0.799305
-0.066993
-0.056760
0.109427
0.219783
0.304558
-0.210916
0.004911
-0.188306
0.053358
-0.000697
0.194188
0.366619
-0.013352
-0.084305
-0.182009
0.031372
0.304256
0.201335
-0.212053
0.094683
0.290795
-0.290112
-0.370281
-0.055518
0.267988
0.143181
0.406072
0.288099
-0.131441
-0.648309
-0.152899
0.108331
-0.268001
-0.062239
-0.040239
0.040999
-0.155155
0.233547
0.148026
-0.185867
-0.164139
0.066013
-0.073094
0.274522
0.188442
-0.027242
-0.288551
-0.148753
0.261854
0.568415
-0.034787
-0.146789
0.425464
0.057491
0.158410
0.087055
-0.090120
-0.380404
-0.606533
-0.454682
-0.518497
0.389134
0.153343
-0.436437
-0.504775
0.002587
-0.062776
0.028603
-0.063490
-0.067599
-0.030525
0.031508
0.180244
0.834692
-0.403819
0.099887
-0.312694
0.021328
0.188142
0.035287
0.500748
-0.651321
-0.030858
0.085644
0.203230
0.232518
-0.014803
0.052819
0.048908
0.177443
0.032707
-0.151373
0.256857
0.081586
-0.121567
-0.220738
-0.306371
0.042467
0.470911
0.510005
-0.305309
-0.002531
-0.084850
-0.079356
-0.427475
0.740824
-0.132839
0.411714
0.140622
-0.279769
-0.001205
0.048678
0.150959
0.375108
0.048593
-0.292989
-0.106925
-0.274474
0.443033
-0.099671
-0.106991
-0.650519
0.182644
0.212504
0.248450
0.182640
0.121256
-0.208135
0.024289
0.551741
-0.078170
0.052360
-0.083508
-0.339652
0.342050
-0.153241
-0.188245
-0.072760
-0.115894
-0.106729
-0.024440
0.039292
-0.959304
0.340885
-0.080517
0.340887
0.231129
0.002973
0.937965
-0.109879
-0.269396
0.151974
0.029816
1.081321
-0.219802
-0.182572
0.094917
-0.414468
0.532989
-0.066231
0.095469
0.012072
0.125344
0.472159
-0.273296
-0.063133
0.050351
-0.049667
-0.341822
0.220575
0.114308
0.040075
0.587570
-0.542506
0.097895
-0.114351
0.418559
-1.062400
-0.105584
-0.123391
0.229742
0.057133
0.445350
-0.390516
-0.142860
0.185627
-0.065564
0.020186
0.303009
0.032593
0.327183
0.111597
0.002244
-0.140286
0.269042
-0.204868
0.013251
-0.206251
-0.016057
0.036938
-0.664418
-0.018831
0.095392
-0.323336
0.271393
0.431384
0.163285
-0.178749
0.018683
-0.061104
0.541576
0.252102
0.413524
0.038804
0.360537
0.764947
0.008206
0.079370
-0.069421
0.111340
0.020943
-0.671352
-0.076221
0.096872
-0.330746
0.171069
-0.290182
0.151063
0.115442
0.350702
0.309557
-0.240529
0.023593
-0.050642
0.070156
-0.278924
0.306811
0.336366
-0.362676
-0.699662
0.279006
-0.531290
0.343872
0.180249
-0.094198
0.026176
-0.019716
0.182600
-0.073976
0.097031
-0.018335
-0.201726
-0.645624
0.175411
-0.020016
0.206404
-0.051845
-0.221226
0.078659
-0.018169
-0.313423
0.413960
0.069966
-0.047923
-0.025623
0.081579
-0.102062
-0.536070
0.330871
-0.291902
-0.241109
-0.085058
-0.061396
0.097682
0.436571
-0.008691
-0.336062
-0.022704
0.256616
0.522585
-0.364957
0.317403
0.052723
-0.074068
0.552311
0.072477
-0.293337
0.392772
-0.198871
-0.042277
-0.340461
-0.000811
0.114574
-0.057999
0.339772
-0.008222
0.360589
-0.118493
-0.100514
0.577265
0.568098
0.187291
0.611448
-0.052800
0.404978
-0.150126
-0.085138
0.436352
-0.136062
-0.287876
0.598138
-0.222224
0.269309
0.071721
0.456370
-0.011687
0.332702
-0.186120
0.699796
-0.352667
1.187913
0.199282
-0.065111
0.013277
-0.500496
0.013530
0.125810
0.815855
0.177676
-0.344439
0.149613
-0.215654
0.029338
0.769231
0.097492
0.205409
0.306805
0.037215
0.123781
-0.033259
-0.416890
-0.080021
0.065565
-0.174829
-0.095999
0.337897
-0.008586
-0.223913
-0.106452
-0.136582
-0.178028
-0.044836
-0.027187
-0.227629
0.657230
0.180515
-0.045336
0.005628
-0.527378
-0.456060
0.172687
-0.896225
-0.104303
-0.078879
-0.005931
-0.153458
-0.959768
-0.137038
-0.140375
-0.572332
0.275770
-0.171234
0.014401
0.115574
-0.018056
0.220619
-0.004247
-0.598305
0.139065
-0.135755
0.021072
-0.622791
0.664573
0.161126
0.452817
-0.539416
-0.305062
-0.151064
-0.074216
-0.200332
0.121201
-0.131473
-0.537364
-0.253272
0.759023
-0.044949
0.187186
-0.259465
0.251480
0.395342
0.245220
-0.002929
-0.110209
-0.624454
0.622679
-0.326244
-0.294340
0.227777
-0.047066
0.076138
-0.520860
-0.372496
0.009246
0.172868
0.023660
-0.162007
-0.031365
-0.174733
0.065900
0.243258
0.335055
-0.544622
0.005733
0.155871
-0.561767
0.016742
-0.274968
-0.021036
-0.356778
-0.031762
0.372002
-0.005936
0.095654
0.208666
-0.026023
-0.275524
-0.077493
-0.070313
-0.014090
0.228646
0.284444
-0.101734
0.001551
-0.665964
-0.239009
-0.232873
-0.007546
-0.006797
0.073867
0.009796
0.077786
-0.452317
0.254170
0.079818
-0.076328
0.036202
-0.278687
-0.098579
0.016672
0.054967
0.110651
0.151990
0.380064
0.044674
-0.052813
0.082537
-0.013565
0.078238
0.097750
0.090749
-0.416548
-1.063432
-0.071513
0.098666
0.658776
-0.138127
0.033910
0.059715
-0.767210
0.298619
0.377825
0.011754
0.229845
0.291266
-0.160706
0.170168
-0.056824
0.107421
0.348802
-1.230589
0.000618
-0.006813
0.076727
0.353723
0.354995
-0.013317
-0.158842
-0.124504
0.511764
0.179799
0.279900
0.224443
0.346716
-0.115690
-0.094484
0.104149
-0.003562
-0.129605
-0.072670
0.185491
0.479976
0.115915
0.272874
-0.170724
-0.079610
-0.220478
0.299639
0.043561
-0.466257
0.417938
-0.036601
0.274420
-0.001301
0.297834
-0.154664
0.063475
-0.047984
0.070686
0.020093
-0.061733
-0.009669
-0.046846
0.115328
0.158827
0.435703
0.051236
-0.209436
0.702046
0.266062
0.119852
-0.093775
0.188408
0.159616
-0.122604
-0.035532
-0.006591
0.542468
0.561216
-0.022222
-0.105358
0.025160
-0.150875
0.287778
-0.244302
-0.038516
-0.060228
-0.472735
0.101430
0.673626
0.162123
0.068117
-0.004389
0.123746
-0.011210
-0.129310
0.052810
0.130852
-0.013630
0.008844
0.178167
0.192967
-0.274243
-0.240929
-0.022652
0.139480
1.105840
-0.184212
0.076547
0.059988
0.106852
-0.245442
0.561411
-0.042238
-0.331311
-0.031877
-0.130351
0.192810
-0.297467
0.025294
0.095107
0.216509
0.267093
0.634445
-0.392528
0.161838
-0.451642
-0.064484
0.091130
0.113112
0.235054
0.053519
0.267050
-0.090518
0.632788
0.171656
0.038774
-0.120648
0.374541
-0.171055
-0.070418
-0.313148
-0.267573
0.091668
-0.029813
0.386424
0.026448
-0.000477
0.604775
0.095047
0.314312
-0.301627
0.020086
-0.332414
-0.343561
-0.179703
0.092266
-0.151308
-0.069750
-0.004303
-0.145343
-0.063472
0.005594
0.130524
-0.505112
0.055632
0.390986
-0.932274
-0.356471
-0.325122
-0.399024
-0.232228
-0.157258
0.044376
-0.277044
-0.037927
-0.034151
-0.492480
0.032184
0.721138
-0.066393
-0.294628
-0.053403
-0.765961
0.469334
0.050201
0.648210
0.594634
0.171161
0.096699
-0.250281
0.527825
0.662496
0.227534
0.125876
0.180809
-0.070715
-0.453353
-0.220078
0.122144
-0.353941
0.417846
0.506014
0.019173
0.376919
-0.279416
0.027209
0.166499
-0.345644
0.093639
0.346527
0.564588
-0.066388
-0.385428
-0.578282
0.235096
0.189614
-0.088689
-0.705835
-0.757755
-0.165218
-0.094552
-0.147052
0.033368
0.009127
-0.637427
-0.422548
-0.201101
-0.426409
-0.444774
-0.228922
0.301910
-0.037070
0.144466
-0.536311
0.281759
-0.405515
-0.096982
0.331609
0.617503
0.033362
-0.253261
-0.000570
-0.045470
0.033586
-0.014463
-0.146199
0.497401
0.213244
0.122674
0.102740
0.201715
-0.108142
-0.035864
-0.209839
0.052751
-0.237759
-0.015896
-0.257042
0.039657
-0.568975
0.206429
0.166994
-0.012205
0.141864
0.042072
-0.629600
0.038422
-0.241479
-0.928883
0.347992
-0.089302
0.156300
0.046904
0.020059
0.058727
-0.336095
-0.295098
0.148274
0.586993
0.083652
0.039958
-0.069825
0.066656
0.005283
-0.284026
0.086562
-0.142811
-0.425493
-0.208361
-0.376514
0.115255
0.114453
-0.398357
0.174192
-0.516668
-0.061236
0.597165
-0.329124
0.149468
-0.582168
0.318947
0.380556
0.066628
-0.691291
0.198830
-0.364051
0.599609
-0.318527
-0.267235
0.098621
0.068925
-0.351801
-0.548322
0.051596
-0.473541
0.332667
0.464808
0.675423
-0.040916
0.002380
-0.503873
-0.640151
0.119512
0.316103
-0.101377
0.004726
0.032837
-0.621132
-0.019716
0.164240
0.207629
-0.285066
0.283811
-0.016933
-0.248237
0.276172
-0.013151
-0.068329
0.129693
0.048586
0.051725
-0.075689
0.011722
-0.142002
0.161975
0.057175
-0.230729
0.037097
0.316197
0.139577
-0.048013
0.337695
-0.279018
0.352298
-0.307921
-0.531842
0.137139
-0.935093
0.491203
0.392588
0.306410
0.018478
1.021458
0.724005
0.469773
0.218917
0.454326
0.237659
0.116323
0.398731
-0.774746
-0.163924
-0.280532
0.439178
0.087567
-0.053283
-0.251070
0.680726
0.109456
0.197978
1.008581
0.513803
0.152678
0.011624
0.079188
0.423464
-0.002821
0.460806
0.432171
-0.389745
0.444655
-1.463764
-0.834463
-0.987822
0.180289
0.628943
0.031997
0.033604
0.047645
0.077802
0.395435
-0.024889
0.363367
-0.722998
0.049953
-0.247790
0.428825
0.038525
-0.152419
-0.023971
-0.091093
-0.731597
0.056283
-0.002168
-0.215047
0.360688
-0.031779
0.177654
-0.086767
0.520224
-0.292783
-0.320821
-0.094644
-0.866249
0.053088
0.248347
-0.465673
-0.295666
-0.922970
-0.223695
0.177306
-0.034498
0.032675
-0.062141
-0.396941
-0.255912
0.072089
-0.004701
0.032517
0.322521
-0.336045
0.552291
0.442133
-0.022917
-0.176764
-0.464499
-0.211781
0.496034
-0.439979
-0.281963
-0.106284
0.360479
-0.055135
0.296064
0.071665
0.122974
0.149312
-0.077685
-0.157366
-0.166012
-0.057671
0.130116
0.042935
0.519329
-0.899583
0.120567
-0.359831
0.470239
0.353420
-0.047917
-0.030551
-0.010116
0.263674
-0.107052
0.154334
-0.801839
-0.198269
0.133976
-0.341703
-0.040364
0.250339
0.299604
0.019501
-0.294808
0.321575
0.004496
-0.205814
0.495253
-0.100635
0.091504
-0.188551
-0.065543
0.227669
0.148643
-0.329293
0.068621
-0.482298
-0.103772
-0.552248
0.604608
0.288374
0.008560
-0.057996
0.149574
-0.239542
0.047627
-0.333993
0.445748
-0.530344
0.156592
0.109296
-0.558965
0.188200
-0.341965
-0.028266
0.062571
0.171964
0.028689
-0.001025
-0.027664
-0.711428
0.289132
0.075925
-0.373824
-0.119853
0.346486
0.332654
0.560689
0.002003
-0.035406
0.228858
0.050869
-0.134942
-1.237581
-0.318175
0.124790
0.492659
-0.667922
-0.048090
0.021988
-0.106855
-0.196498
0.053962
0.139665
0.064270
-0.475702
0.481764
-0.037462
0.045040
0.241221
-0.051250
0.395033
0.451514
0.009501
0.442920
-0.010775
-0.227988
-0.333945
-0.272184
-0.601261
-0.057517
-0.496148
0.052453
0.481417
-0.270096
-0.091472
-0.545832
-0.133345
0.375404
0.024600
-0.132119
-0.391842
-0.003010
-0.065337
0.198390
-0.052080
-0.043222
0.036112
-1.161361
-0.025114
-0.893475
-0.416621
-0.052132
-0.333983
-0.225251
0.321840
-0.113889
0.237778
-0.144136
0.134758
0.404044
-0.475670
-0.077123
0.326294
0.044389
-0.107836
-0.134769
-0.151039
-0.835598
-0.115432
-0.463623
0.050174
0.064227
-0.214321
-0.672759
-0.952545
0.164490
0.001991
-0.072009
-0.014325
0.508770
-0.374474
0.113671
-0.077601
-0.326462
-0.950370
0.155234
-0.122407
-0.127739
0.211203
0.353742
-0.084844
-0.328270
-0.002471
0.404504
0.014077
-0.191217
0.061692
0.930843
0.296708
-0.430609
0.093147
-0.317394
-0.134306
0.554570
0.244564
-0.107168
0.195390
0.129930
0.445164
-0.172599
-0.692652
-0.234287
-0.484685
0.318970
-0.003577
-0.659856
-0.127893
0.043572
-0.069298
-0.403820
0.019644
0.321915
-0.070420
0.218718
-0.078590
0.002807
-0.102892
0.534638
0.670231
-0.019401
0.435752
0.375804
-0.623906
-0.177850
-0.110777
-0.387809
0.037536
0.026873
0.346651
0.066792
0.126988
0.103096
0.134122
-0.175796
-1.060520
-0.119034
-0.070181
0.067202
0.240769
0.102931
-0.004088
0.042275
0.068420
-0.574947
0.054147
0.065927
0.254074
0.247236
0.340825
0.201307
-0.680805
-0.088121
0.098245
0.136290
-0.003440
0.382883
-0.013677
0.274411
0.170272
0.338648
0.018809
0.200025
-0.059603
0.114426
-0.333988
0.427212
0.139517
-0.233029
-0.472769
0.000946
0.004878
0.050446
0.024693
0.264414
-0.026014
0.095919
0.378924
-0.432655
-0.315438
0.245924
0.265260
0.441713
-0.123080
0.286829
-0.010990
-0.139555
0.468496
-0.594824
-0.190092
0.060329
-0.246336
0.374952
0.309097
0.824340
0.380943
-0.527073
-0.026718
-0.049537
0.010992
0.163107
0.017612
-0.093275
0.164070
0.036561
0.112619
-0.043619
0.099831
-0.848129
0.182278
0.328868
-0.158469
0.456902
-0.386793
0.133876
0.151310
0.319156
-0.359999
-0.141299
0.110155
-0.278617
-0.006992
-0.794660
0.115049
0.012599
-1.122076
0.039423
-0.138453
0.122997
-0.038139
-0.255109
-0.276200
-0.365882
-0.061203
-0.073896
-0.074747
0.223341
0.568453
0.002993
-0.045709
0.284969
0.614447
-0.516839
0.287883
-0.076088
-0.053293
0.107775
0.273917
-0.020069
-0.171674
-0.073697
-0.333261
0.848919
0.170232
0.047757
-0.014042
0.055703
0.311116
0.325887
-0.127701
0.141807
0.606655
-0.250604
0.004676
0.130269
0.499066
-0.023713
0.050292
0.269546
0.403303
-0.355702
-0.194116
0.233618
0.089861
0.125266
0.035393
-0.072955
-0.138625
0.091217
-0.315254
-0.300819
0.023306
-0.750781
-0.197831
-1.189011
0.049526
0.440186
-0.486463
-0.158019
0.091072
-0.527406
-0.196823
0.114536
0.159984
0.003131
0.351750
-0.035605
0.105876
-0.196090
-0.104439
0.256459
0.362606
-0.103030
0.047926
0.067852
0.476622
-0.112953
-0.036923
0.427724
0.250602
-0.174051
-0.046112
0.016346
-0.019786
-0.030355
0.033976
-0.035936
-0.095146
-0.031500
0.282543
0.042904
-0.320793
0.270335
-1.224064
-0.050727
0.066758
-0.155103
0.279546
0.552151
-0.049268
-0.012579
0.199210
-0.214910
0.261660
0.116629
-0.138695
0.225665
-0.560928
0.203674
-0.714453
-0.032572
0.475455
-0.054384
0.261807
0.207437
0.129586
-0.032797
-0.313946
0.066332
0.013492
-0.070259
-0.059098
0.671403
0.032100
0.457007
-0.099525
-0.433502
0.298058
-0.079627
-0.092848
-0.137581
0.090059
-0.079527
-0.142896
0.442154
-0.911619
0.345739
0.937536
0.143009
0.244632
0.088979
0.253294
-0.362811
-0.051965
0.230352
-0.319006
-0.204472
-0.122537
-0.072809
-0.216213
-0.228078
-0.402302
-0.183712
0.576410
0.453070
-0.120919
-0.056072
-0.337667
0.027825
-0.230475
0.297061
-0.146384
0.280174
-0.485191
0.212972
0.024468
0.229774
-0.201488
-0.065647
0.030707
0.468425
0.047719
-0.128837
-0.033267
0.270359
0.614020
-0.002197
-0.959104
0.175483
-0.264062
0.024360
0.218213
0.656845
-0.154868
0.451663
0.309497
0.014927
0.216060
-0.130522
0.047671
0.055157
-0.011546
0.459672
0.198011
0.072267
-0.123953
0.066591
0.255359
0.183233
0.080013
0.189893
-0.161084
0.300390
0.158287
-0.005675
0.026718
0.129810
0.314640
-0.613980
0.012513
0.061568
0.011243
0.582724
-0.236132
-0.088398
0.030669
0.149486
-0.002502
-0.744501
0.170405
-0.311893
0.055651
-0.848731
0.166811
0.137946
-0.212594
0.047928
0.230473
0.189342
0.275551
0.089917
0.149855
0.533009
0.394131
0.136457
-0.293699
0.301468
-0.124606
-0.576455
-0.002237
-0.095780
0.359979
0.227295
0.937755
-0.180799
0.097138
0.445842
-0.034277
0.412265
0.095494
0.138959
0.618131
-0.076971
0.077924
-0.557352
0.685878
0.051699
0.059280
0.029150
0.106926
0.196409
0.022068
0.091714
-0.090558
-0.008662
0.108503
0.371207
-0.240503
0.097670
0.171296
-0.240112
0.346509
-0.055773
-0.192617
0.046106
-0.115551
0.435300
-0.499316
-0.023035
-0.037838
-0.667876
-0.274977
-0.957321
-0.181745
-0.001296
0.020376
0.189670
0.380883
-0.058106
0.173461
-0.014738
0.164377
-0.072614
0.195777
0.552562
0.009854
-0.473373
-0.159198
0.839089
0.819808
0.006871
0.084781
0.186684
0.070547
-0.043784
-0.183887
0.018029
-0.454995
0.108040
0.083056
0.093196
0.474788
0.309222
-0.041495
-0.026152
0.027804
0.213696
-0.778843
-0.278707
0.113655
-0.029224
0.423841
-0.485789
0.005892
0.034222
0.302080
0.237065
0.406200
0.166267
-0.147987
0.461288
0.389349
0.222564
0.023326
0.060370
-0.327732
0.178454
-0.038221
-0.538273
-0.055932
0.222274
0.481348
0.125630
0.402446
-0.309405
0.370258
-0.010632
0.197466
0.406831
-0.004452
0.554331
0.476333
0.097143
0.313208
-0.149308
-0.259364
0.059013
0.081056
-0.061769
0.552467
0.739829
0.132055
0.208582
-0.413837
-0.761472
-0.259847
0.031280
0.409805
0.134277
0.000621
-0.075109
0.091670
-0.015255
-0.137897
0.143086
0.100283
-0.075845
-0.315377
0.455477
0.148521
-0.104504
0.620382
-0.012614
0.111750
-0.324255
-0.253961
-0.207922
0.224060
0.255192
-0.074542
0.186818
-0.093866
-0.237793
0.303736
0.002537
0.061182
-0.199564
-0.701847
-0.116559
0.189959
0.256413
-0.440915
0.238984
-0.100192
0.341273
0.042165
0.153918
0.190683
-0.648113
0.138976
-0.466979
-0.253544
-0.225324
0.006742
0.471689
0.398506
0.322996
0.205299
0.226722
0.150191
0.359250
0.742206
-0.283562
0.523403
-0.119622
-0.132832
-0.001079
0.044995
-0.011163
0.098185
0.112878
0.086355
-0.110860
0.041248
0.092565
0.744853
-0.239272
-0.111416
0.015088
-0.003666
-0.125832
0.360230
0.063785
-0.010889
-0.300374
-0.197814
0.045563
0.174647
0.094054
0.071898
0.010319
0.280839
-0.376885
-0.396685
-0.210508
-0.190181
0.229399
-0.197445
-0.569898
0.116076
0.497146
0.036614
0.042272
0.214401
0.307430
0.968306
-0.074224
-0.617858
-0.313027
0.175515
0.622896
0.431823
0.307447
0.390906
0.146081
0.101526
0.273299
-0.215501
-0.616707
0.156323
-0.316060
-0.189037
0.212975
0.164798
0.070283
0.222979
-0.144615
0.102302
-0.099394
-0.473056
0.159679
-0.387997
-0.558682
0.565669
-0.088716
0.085555
-0.238093
-0.792763
0.190866
-0.014369
0.040756
0.022852
0.620819
-0.156998
0.143001
0.369498
-0.234752
0.054833
-1.518218
-0.293922
-0.233198
0.194749
0.011021
-0.348671
-0.058209
-0.012822
-0.212438
-0.343463
-0.270529
-0.009906
0.115527
-0.182492
-0.042737
-0.343010
0.168946
0.014527
0.095488
0.102054
0.022345
0.340378
0.130256
0.044962
0.181760
0.189273
-0.315831
0.180289
1.002165
-0.219406
-0.307365
-0.198017
-0.081637
0.213926
-0.071224
-0.018141
0.038546
-0.224579
0.065745
0.041775
-0.126575
0.019440
-0.547898
-0.029461
-0.066002
0.033269
-0.060729
0.214473
0.050360
-0.083300
-0.277754
0.000836
0.286278
0.044176
-0.241004
0.480286
-0.348049
0.133958
-0.517331
0.638485
-0.048896
-0.004449
0.544756
-0.409322
-0.430975
-0.000501
0.322197
0.136698
-0.217069
0.331783
-0.822217
-0.251175
0.175925
0.575665
0.001446
0.049252
-0.070730
-0.005793
0.388406
-0.453813
-0.193439
-0.595247
-0.441623
0.767033
0.033704
-0.670009
0.068598
0.465680
-0.308636
0.208547
0.350549
-0.041736
0.126864
0.579812
0.368049
-0.342567
0.070184
0.010716
0.070730
0.495374
0.709357
-0.346732
0.324764
-0.186840
0.258859
0.107476
0.025836
0.845016
0.198328
-0.128149
-0.039030
-0.172371
0.522342
-0.431802
0.048736
0.348193
-0.091136
0.063297
0.072810
0.352062
0.588924
0.155973
0.173943
-0.100473
-0.002435
-0.053130
0.123581
0.786333
0.066685
0.021301
-0.077943
-0.335675
-0.404883
0.109549
0.406867
0.261163
-0.208730
0.213839
-0.475022
-0.129865
0.134954
0.007426
0.301417
0.610564
-0.130587
0.032071
-0.577342
-0.034677
0.055279
0.209393
-0.012487
0.424227
-0.544230
-0.166892
0.980396
0.031106
0.083480
0.153966
-0.049133
0.013969
0.021594
-0.146414
-0.482032
0.618203
0.593872
-0.102222
-0.131578
-0.079860
-0.005702
0.356288
0.219610
0.300722
-1.378165
-0.056508
-0.195839
0.387305
0.566179
-0.101816
0.156661
-0.002922
0.114826
-0.229620
-0.164821
-0.153749
-0.447251
-0.051848
-0.164551
-0.222328
-0.117373
-0.003389
-0.309432
-0.059861
0.337717
0.050049
-0.073170
-0.242593
0.302583
-0.320636
-0.231500
-0.387744
-0.487693
0.093492
-0.693789
-0.056386
-0.127079
0.102722
-0.107266
0.576792
-0.040963
0.030884
0.562914
-0.488055
0.237035
0.450573
0.002030
0.396700
-0.095512
0.350417
0.165304
0.191930
0.211563
0.095045
-0.413148
-0.051612
-0.024878
-0.028788
-0.024755
-0.195772
-0.235618
0.505606
-0.009433
0.270335
-0.017082
0.065045
-0.032571
-0.127290
-0.152705
0.368255
0.087810
0.051836
0.745932
0.308815
-1.213536
0.083773
0.247111
0.269979
-0.043391
-0.013070
-0.505377
0.542744
0.017116
0.196686
-0.189390
-0.310338
-0.270095
-0.172418
0.153644
-0.300527
0.007982
0.434261
-0.139680
-0.046176
0.100391
0.089887
0.173827
0.183734
0.104390
0.040466
0.045278
0.203173
0.137086
0.472019
0.487946
0.795266
0.224106
0.342091
0.465145
0.311006
0.139954
-0.090231
0.089741
-0.152055
0.146305
-0.026830
0.282539
0.021910
-0.012758
0.726418
0.153183
-0.154869
-0.045116
0.222668
-0.249251
0.409421
0.057277
0.434586
0.150873
0.115830
0.808123
0.135945
-0.011388
0.031115
-0.056756
-0.128724
-0.072223
0.254220
0.340044
0.023591
-0.332311
-0.606650
-0.091256
0.001506
-0.408790
-0.391497
-0.882694
-0.009870
0.039755
-0.313618
-0.014684
-0.214250
0.365588
-0.090447
-0.266807
0.209197
-0.143663
-0.377933
0.072011
0.334376
-0.408781
0.008543
0.253114
-0.270309
0.515535
0.070460
0.141808
0.434845
0.417455
-0.009005
-0.096325
0.139726
-0.453682
0.361593
-0.102596
0.004182
0.261170
0.057087
0.263029
0.001719
0.020403
-0.030779
0.546628
-0.234423
0.542424
-0.031379
-0.399108
-0.173554
-0.044629
0.210431
-0.053945
-0.487833
-0.429331
-0.109091
0.525593
-0.438173
-0.515709
0.046563
-0.142978
0.598744
-0.157485
-0.020919
0.107536
-0.150952
0.314102
-0.155318
-0.031468
-0.218106
0.209102
-0.000949
0.051488
-0.210853
-0.028340
-0.160893
0.038175
0.062708
-0.123055
-0.039491
-0.594210
0.294114
0.315084
-0.307203
-0.170203
-0.118636
0.147440
0.175785
-0.035337
0.194196
-0.295705
0.037408
-1.192554
-0.146406
-0.552300
0.393836
0.006611
0.087480
-0.193069
0.648145
-0.241124
-0.226420
-0.193883
-0.077372
0.212243
0.202285
0.084902
-0.013950
0.147757
-0.007309
0.653976
-0.012774
0.397002
-0.321464
0.059110
0.087884
0.216979
0.282801
-0.277995
-0.047519
-0.051936
-0.091823
0.015308
-0.101151
0.057209
-0.114801
-0.351864
0.139567
0.485986
0.173866
0.031777
0.177547
-0.359303
0.094108
-0.104664
-0.081375
0.020597
0.198287
0.256703
0.495195
-0.220448
-0.463810
-0.015455
-0.105425
0.140976
0.410455
-0.019062
-0.583569
0.183578
-0.992324
0.086060
-0.042686
0.021437
-0.403986
0.353950
-0.034527
0.477966
0.182079
0.122229
-0.072059
0.172905
0.501654
-0.010500
-0.764588
0.024419
-0.728303
-0.296174
-0.210796
0.037106
0.271404
0.310064
0.045077
0.018406
0.087290
0.093696
0.638667
-0.102472
-0.087956
-0.170047
0.371387
0.749979
0.447466
0.136786
0.121938
0.385679
0.290792
-0.030516
0.410772
-0.100029
0.288210
-0.025302
0.084753
0.456893
0.171959
-0.812989
0.649542
0.209280
-0.093779
0.020988
0.321859
-0.592587
0.431901
0.153337
-1.017300
0.324614
0.168289
-0.463222
-0.652027
0.488579
-0.029055
-0.378357
-0.073353
-0.397712
0.278710
-0.089053
-0.143747
0.099007
-0.230277
0.055401
-0.152809
-0.015705
-0.129881
-0.045548
0.479902
-0.321594
-0.755172
-0.661096
-0.178284
0.199317
0.760011
0.334067
0.048505
-0.537874
-0.216481
0.393211
0.240872
-0.165987
-0.442832
0.021867
-0.021278
0.428493
-0.087709
0.106253
0.445250
0.343412
0.443443
0.149560
-0.014350
0.137757
0.095404
0.023496
0.248871
0.471206
-0.520645
0.123996
-0.159031
0.366560
-0.140039
0.014163
-0.004911
0.003830
0.352821
-0.449748
0.375441
-0.138464
0.084644
-0.334755
0.087324
-0.106580
-0.092990
-0.023331
-0.239031
-0.297104
-0.472535
0.011913
0.044061
0.318946
-0.285146
0.150558
0.552007
