800
1
0.000666
0.004203
0.003242
-0.000192
0.000478
-0.007892
0.001631
-0.000462
0.005914
0.000504
0.002340
0.001405
-0.002306
-0.005190
-0.005673
0.002906
0.000639
-0.001540
0.000567
-0.001064
0.004011
0.002895
0.006065
-0.002324
0.001470
0.002020
0.002902
-0.004196
-0.004946
0.003748
0.000443
-0.000794
0.000749
0.005920
0.001731
-0.000143
0.004318
0.002520
-0.005846
0.000052
0.003750
-0.002234
-0.005557
-0.001311
-0.001989
0.000569
-0.001644
-0.004487
0.006409
-0.000153
0.000445
0.001234
-0.000671
-0.000660
0.003032
0.000534
0.002408
-0.001168
0.001692
0.003492
0.003431
-0.000411
0.001836
-0.002828
-0.002295
-0.000391
-0.003117
0.000434
0.001954
0.000793
0.004813
0.003475
0.000688
0.006550
0.001898
0.002431
0.002299
-0.001501
-0.001427
0.002142
0.000505
0.003530
-0.000883
0.000996
0.001034
0.005120
-0.009254
0.000752
-0.000656
0.001902
-0.001623
-0.001117
0.003109
-0.000530
0.001177
0.001263
0.004122
0.000077
0.004273
0.003971
-0.000361
-0.000703
-0.005392
0.001090
-0.000688
0.003519
0.003869
0.002324
0.005167
-0.000792
0.002438
0.002036
0.001701
0.001446
-0.001191
0.001184
0.002971
-0.001613
0.002019
-0.007778
0.004927
-0.008912
0.007237
0.004627
0.002990
0.001169
-0.000511
0.000960
-0.000222
-0.001522
0.002381
0.004115
-0.001455
0.003844
0.009218
0.006749
-0.000928
-0.005926
-0.000788
-0.000510
-0.000770
0.001265
0.005783
0.002223
-0.000422
0.005063
0.002336
0.000646
0.001557
-0.005715
0.003546
0.000262
0.002989
-0.002923
-0.002207
0.000062
0.002923
-0.001241
0.001221
0.002619
-0.000859
0.001723
-0.002469
0.006266
-0.000375
0.007645
0.001380
-0.005845
0.001606
-0.004446
0.000120
-0.002207
-0.000046
0.001762
-0.004698
-0.003550
0.002519
0.000642
-0.000288
0.003453
-0.003921
-0.000934
-0.000166
-0.003478
0.004392
0.000695
0.005578
0.001634
0.001537
0.000582
0.000057
-0.000472
0.000802
-0.003448
0.000033
0.002612
0.006676
0.002163
-0.002823
-0.001548
0.002585
0.001707
0.001896
0.002696
0.000845
-0.000164
0.002459
0.004425
0.000813
-0.000687
0.001952
0.002459
0.000649
0.006551
-0.000852
0.003171
0.002325
-0.003940
-0.000663
0.002195
-0.001914
0.002816
-0.005954
0.002416
-0.001070
0.007426
-0.004566
0.001969
-0.000120
0.000687
-0.001146
0.000532
0.006290
0.002466
0.003771
-0.001362
-0.001935
-0.002183
-0.000448
0.003950
-0.003382
0.000329
-0.000008
0.002439
0.003654
0.003803
-0.006074
0.000670
-0.000585
0.000750
0.001037
-0.000088
-0.001235
-0.000895
-0.003170
-0.003213
0.000907
0.002492
-0.000812
0.003022
0.001248
-0.002206
0.002611
-0.007331
0.003061
-0.002924
0.003589
0.002626
0.001322
-0.005468
0.000789
-0.001792
-0.005244
0.000484
0.000586
0.005686
-0.000073
0.005921
-0.001424
-0.000417
-0.001059
-0.004326
-0.001457
0.001099
0.004265
0.000063
0.003942
0.004275
-0.000784
0.003405
0.001020
0.000097
-0.001576
0.003716
0.000415
0.006079
0.001168
0.000071
0.000247
0.000557
0.003404
-0.000995
-0.003190
0.001209
0.000473
0.004847
-0.000500
0.004087
-0.001496
0.001088
-0.000244
-0.001750
-0.000530
0.003340
0.000359
-0.001081
-0.000668
-0.002716
0.002377
-0.001249
0.000833
-0.000204
0.002516
-0.001796
0.007098
0.006815
-0.000625
-0.000458
-0.001815
-0.000635
0.000877
0.000637
0.000940
0.004654
-0.000701
0.003966
0.002889
0.002104
0.000328
0.000682
0.003972
-0.001710
-0.000603
0.000718
0.000324
0.001282
-0.000780
-0.004799
0.003758
-0.002782
0.002618
-0.003650
0.004392
0.001593
-0.002429
-0.001352
0.002346
0.001230
-0.000521
0.002096
0.005939
0.003877
-0.000226
0.001705
0.001413
0.003958
0.002718
0.002886
0.002532
0.000913
-0.001602
-0.000297
0.000222
0.002062
0.000801
-0.004624
0.002915
0.003389
0.003050
-0.005811
-0.000561
0.000240
0.001195
0.003284
-0.001385
-0.004106
0.001945
-0.001108
-0.001241
0.000871
-0.000425
-0.001418
-0.002482
0.001299
-0.001841
-0.000696
-0.002437
0.000951
0.002333
-0.011480
-0.005969
-0.001428
0.001179
-0.000257
0.003554
0.000472
0.003650
0.001360
-0.002579
0.003214
0.001646
0.003109
0.002310
-0.001224
-0.002528
-0.002385
0.003031
-0.000860
0.002547
0.000693
0.002511
0.000254
-0.002769
-0.000191
0.003145
0.000989
0.001241
-0.002242
0.003818
-0.002614
0.003114
0.000867
-0.004257
-0.001835
0.004332
0.001837
0.001206
-0.001243
0.002918
-0.000014
-0.005879
0.003875
0.000682
0.002038
0.001168
0.005685
0.002703
0.001719
-0.000224
0.000204
0.005370
-0.003359
-0.002558
0.007566
0.000742
0.001159
0.003594
-0.000788
0.001069
-0.003136
-0.003263
-0.002368
0.004169
0.003553
0.001169
-0.000588
-0.001945
0.003828
0.002761
-0.000376
-0.001448
0.004858
0.001009
0.001647
-0.000724
-0.000959
0.000270
-0.003868
0.004579
-0.001022
0.003362
0.000284
-0.004398
-0.001630
0.001790
0.004709
-0.000068
0.006693
-0.000718
0.000283
-0.002828
0.004991
-0.001275
-0.000281
-0.000718
0.000597
-0.004258
0.004605
0.001477
0.001733
-0.001218
-0.004229
-0.001810
0.004144
0.002603
0.001007
0.002006
0.004146
0.004137
-0.006782
-0.006099
-0.005197
0.002692
0.002105
0.005040
0.004788
-0.002389
-0.000838
0.003052
-0.002813
0.003265
0.003878
-0.003239
-0.006098
0.000786
0.003608
0.000091
-0.004013
0.006307
-0.000763
0.000406
-0.000368
-0.000736
0.003650
-0.000075
0.004092
-0.001669
0.002393
0.003045
-0.004828
0.003774
0.000123
-0.000422
0.000300
0.003661
0.002758
0.003340
0.000931
-0.000957
0.003438
-0.004199
-0.000977
-0.001009
0.000005
-0.003949
0.000390
-0.004953
0.001801
-0.002976
0.000918
0.002817
0.000421
-0.000773
-0.000374
0.000051
-0.000142
-0.000709
0.001638
0.003204
0.000991
-0.000259
-0.002537
-0.002354
0.003868
0.001509
0.005278
-0.000414
-0.002019
0.006767
0.001089
0.004640
0.004078
-0.000052
0.000698
0.001578
-0.003285
0.006003
-0.000190
-0.001703
-0.001925
0.000900
-0.005490
0.004150
0.002757
-0.003325
0.000776
0.001350
0.005405
0.002479
0.002966
-0.001717
-0.001698
0.002603
-0.002712
0.001558
0.006702
-0.001975
0.007624
-0.002496
-0.001097
0.002681
0.000813
-0.000273
0.001491
-0.000585
0.004759
-0.006142
0.001199
-0.002032
0.002288
0.001113
-0.002776
-0.001231
-0.000272
-0.000384
-0.005329
0.003357
-0.000806
-0.001689
-0.001360
-0.000619
-0.000060
-0.000748
-0.001409
-0.004904
0.006422
0.002666
-0.001511
0.007154
-0.008527
-0.000546
0.000962
0.001716
-0.001921
0.000873
0.001335
0.000362
0.002649
0.004227
0.001490
0.011874
0.002280
-0.000403
-0.006787
-0.002591
0.004210
0.001662
-0.000827
0.000085
0.001695
0.002286
-0.000143
0.000033
0.000964
0.005017
0.001198
-0.001131
0.004537
-0.000390
-0.003852
0.002026
0.001293
-0.001532
0.005441
-0.001647
0.002130
0.005622
0.007653
0.001892
-0.003296
0.002398
-0.000263
0.001734
0.007320
-0.001209
-0.001836
0.002958
0.006236
-0.001951
0.001696
0.004040
0.003982
0.006135
-0.000716
-0.000085
0.002562
-0.004926
-0.003000
0.004684
-0.000177
0.005631
0.001804
-0.001720
0.002339
-0.003657
0.000133
0.000927
-0.006371
0.001880
0.002165
0.001403
0.000193
0.005091
0.001850
0.001836
0.002839
0.001208
0.001713
0.000838
-0.003501
-0.002635
-0.004981
0.002239
-0.003434
-0.005525
-0.000685
-0.000768
0.001340
-0.000134
-0.003179
-0.001525
-0.000377
0.004996
0.008725
0.004200
0.000554
0.001632
-0.004476
0.001989
0.001157
-0.000106
0.002028
-0.001455
0.000300
-0.005425
0.000669
-0.003340
0.003212
-0.001016
0.002811
-0.001757
0.000855
-0.004331
-0.002989
-0.007918
-0.002905
-0.002149
0.001211
-0.001927
0.003554
0.009306
0.002875
0.002820
-0.001184
0.001068
-0.000571
0.005635
0.001459
0.003185
0.001179
0.002289
0.000197
0.001865
0.000672
0.000350
-0.001085
0.000556
0.002774
0.002426
-0.000527
0.001834
-0.000492
0.001298
0.003612
-0.004284
-0.001344
0.004553
0.007145
0.003496
-0.002517
0.003599
-0.002176
-0.002477
-0.002114
0.006036
-0.001407
-0.001809
-0.000655
0.002267
-0.002871
