800
1
-0.001897
0.020276
0.008090
-0.015488
0.017914
-0.009160
-0.022609
0.030379
-0.002042
-0.011797
-0.015803
0.060513
0.010655
-0.004088
-0.000953
0.003050
-0.019171
-0.001554
0.032664
0.012372
0.033610
-0.038275
-0.003521
-0.009047
0.002721
-0.009758
0.002185
-0.019182
0.001440
-0.008587
-0.001115
-0.011799
0.034978
-0.006846
0.028847
0.017641
-0.030075
0.002539
-0.003991
-0.011564
0.015890
0.000603
-0.008691
0.011752
-0.000628
0.002557
0.010136
-0.000440
0.000074
0.011387
-0.013870
0.001767
0.008513
0.028817
-0.000464
0.000604
0.020104
0.022947
-0.013951
-0.011744
0.010896
0.003544
-0.017650
0.029040
-0.005967
-0.003440
0.028579
-0.020811
-0.007636
-0.012812
-0.010484
-0.016099
-0.009536
0.013507
0.018312
-0.014216
-0.000119
-0.008285
0.013114
0.002254
0.022725
-0.000454
0.001758
-0.018887
-0.008366
0.002628
-0.000507
-0.013448
-0.004295
0.024112
-0.007580
0.020515
-0.036121
-0.005271
0.039669
-0.005147
0.023818
0.034353
-0.005820
-0.001955
-0.007792
0.010636
-0.008657
-0.001455
-0.008655
0.009598
-0.001027
0.016466
0.005934
-0.024342
0.000177
-0.007991
-0.018563
0.016477
-0.010181
0.010080
0.001135
-0.004991
0.001782
-0.011987
0.008240
-0.004478
-0.020817
-0.014033
0.001050
-0.019651
-0.004640
-0.001750
0.005849
0.007337
0.009758
0.009802
-0.002532
-0.008614
0.019530
-0.007704
0.004803
0.025205
0.000209
0.000506
0.001359
0.006859
-0.033142
0.008959
-0.001477
-0.009120
0.004840
0.018591
0.051429
0.030931
-0.000682
0.043472
0.005364
0.000494
0.028983
-0.008161
0.014090
-0.003635
0.016445
-0.000365
-0.000790
0.094112
0.002701
-0.002865
0.002156
-0.011182
0.003205
0.011264
-0.002100
0.002263
0.007144
0.027280
0.000852
0.002553
0.005840
0.000381
0.010593
-0.008285
-0.009622
0.008398
0.007019
-0.010351
0.007565
-0.004327
-0.005274
-0.009352
0.010695
-0.007412
-0.010943
-0.003365
-0.035884
-0.016812
0.039024
0.075230
-0.008091
0.000082
-0.012829
0.002086
-0.002598
0.002713
-0.002246
-0.008157
-0.010308
0.023564
-0.030395
-0.019329
-0.010305
-0.006373
-0.022126
0.011132
0.002981
0.005486
-0.001658
0.003416
-0.008094
0.009387
-0.004380
0.003327
-0.000103
-0.002411
0.001131
-0.002397
-0.000075
-0.009881
0.022546
0.022610
0.011759
0.008863
0.020684
-0.004388
0.030545
-0.011065
-0.003357
-0.015795
0.014846
-0.005235
0.016956
-0.005709
-0.013707
-0.011243
0.014120
-0.010120
0.006217
0.001933
0.000774
0.014095
0.017332
-0.010596
-0.010830
-0.027446
-0.022587
-0.002835
0.001174
-0.008238
-0.004108
-0.006728
-0.001383
-0.004509
-0.024232
0.002108
-0.014646
0.004312
0.011320
-0.000348
-0.002863
-0.011347
-0.005965
-0.008071
-0.006759
0.012087
0.007586
-0.003661
-0.000398
-0.015954
0.022792
0.001357
0.003670
-0.004726
0.023998
-0.024562
0.009365
-0.030761
-0.028587
0.014788
-0.001771
0.057383
-0.017621
0.011935
-0.007146
-0.020449
-0.010155
-0.002602
0.008098
0.001836
0.013916
0.002736
-0.004974
-0.000340
0.002397
-0.019214
-0.043955
-0.011785
-0.001729
0.057985
-0.000899
0.067678
0.001735
0.048214
-0.021363
-0.001807
0.013449
0.007953
-0.012933
-0.002669
-0.021708
0.004589
-0.004890
-0.005257
-0.038869
0.047797
0.003757
-0.004988
-0.011608
-0.013375
0.004911
-0.010312
-0.001230
-0.003491
0.026091
-0.009968
-0.013171
0.002740
-0.009255
0.008173
-0.001987
0.032527
0.014840
0.011099
-0.005519
0.001748
0.002594
-0.005302
0.006330
-0.013829
-0.006815
-0.009097
-0.024027
-0.004490
0.009935
0.025931
0.018856
-0.000562
-0.017548
0.007041
0.011958
0.005213
-0.004577
0.013277
0.001567
-0.007836
-0.007806
-0.029072
0.038009
0.013843
0.071654
-0.000013
-0.026407
0.004091
0.000675
0.003652
0.001403
0.004261
0.003106
0.005199
-0.014211
-0.002778
-0.000110
0.016502
0.019134
-0.000715
-0.002215
0.003942
0.008012
-0.019920
-0.001494
-0.000635
0.012758
-0.046593
-0.000820
-0.018005
-0.003134
-0.001689
-0.004714
-0.011615
0.002553
-0.006733
-0.012386
0.015730
0.006746
0.007778
-0.001033
-0.009431
-0.012425
0.005935
-0.011619
0.003835
0.000778
-0.008580
0.011303
0.016741
-0.003811
0.010809
-0.008905
0.016804
0.017380
0.021796
0.013919
-0.002145
0.055918
-0.003641
-0.019301
-0.013847
-0.006919
-0.009524
0.034515
0.010959
0.007901
-0.001434
-0.003126
0.023244
-0.003567
-0.006834
-0.004960
-0.011806
-0.001559
-0.024421
0.020778
0.007119
-0.026906
-0.005993
0.002577
0.025522
0.001798
0.000681
0.008069
0.011081
-0.015059
-0.002064
-0.001659
0.008341
-0.007023
-0.018212
-0.010008
0.003333
0.005216
0.008851
0.005755
-0.001599
0.048872
0.012851
-0.013888
0.047127
0.028220
0.010814
-0.012821
0.000393
0.009741
-0.004565
-0.022140
-0.009284
-0.010964
0.002750
-0.010472
0.009683
0.000048
-0.050446
-0.009935
0.032517
-0.005140
0.008934
0.018577
-0.006329
-0.008162
0.005444
-0.010405
0.003980
0.005727
-0.002679
0.002199
0.017900
-0.020426
0.004286
0.054762
-0.012239
-0.009441
0.003606
0.012983
-0.004120
0.012843
-0.001629
-0.004251
-0.023316
-0.006986
0.023178
0.000300
-0.001624
0.005190
0.024772
-0.001839
-0.002435
0.016896
-0.013341
0.010514
0.000924
-0.010121
-0.001720
-0.011599
0.009394
0.008270
0.011032
0.004622
-0.006188
-0.000806
0.010131
0.003456
-0.010513
0.009381
0.006950
-0.009075
0.022456
-0.010099
0.000600
-0.031918
-0.000006
0.013002
-0.000745
-0.000776
0.000873
-0.015046
0.010551
-0.006616
-0.012470
0.003579
-0.021357
0.003296
-0.000543
-0.015503
0.001028
0.002319
-0.016139
-0.015710
0.001356
-0.012694
-0.010449
-0.025741
0.000173
0.000816
0.015854
0.012201
-0.003612
0.008230
0.013928
0.026251
0.000200
-0.024880
-0.012671
0.001573
0.015322
-0.006396
-0.001502
-0.017911
-0.001502
-0.001894
-0.005848
0.005576
0.007440
0.002236
0.015268
-0.025027
0.009979
0.001094
-0.019173
-0.003097
-0.002811
0.014298
-0.009505
0.007299
0.014535
-0.006215
0.023474
-0.029697
0.001524
0.005063
0.046768
-0.007000
-0.000417
-0.004213
-0.008167
0.002490
-0.001918
0.001864
-0.006682
0.004750
-0.000296
0.014081
-0.004361
0.026391
-0.014862
0.000462
0.009851
-0.000524
0.012437
0.001162
-0.017921
-0.004037
-0.031617
-0.002237
-0.000765
0.006971
-0.006060
-0.001461
-0.015139
0.007930
-0.002084
-0.003436
-0.034856
-0.029546
0.008631
0.011169
0.016173
-0.012118
0.001322
-0.004345
-0.003888
-0.005684
-0.015833
-0.002058
-0.002080
-0.001493
-0.006291
-0.001064
0.007305
-0.017126
-0.005691
-0.031421
0.000812
-0.009314
-0.013693
0.014923
0.002068
0.002511
-0.002424
0.011932
-0.000380
-0.019462
0.000551
0.009923
-0.005585
0.005692
0.007213
0.006478
0.017658
-0.015272
0.001236
0.009296
0.044196
0.000944
-0.013716
-0.000300
0.006980
0.017689
0.004158
0.005077
-0.024515
0.010161
-0.006492
-0.005171
0.016089
-0.007371
-0.003202
-0.008095
0.003214
0.007950
-0.010140
-0.014138
-0.015050
0.018233
-0.004954
0.017881
0.005936
0.023295
0.000698
-0.014210
-0.005353
0.007615
0.011485
0.002119
0.004374
-0.002906
0.002476
-0.009533
-0.003033
-0.018652
0.000097
0.004245
-0.002657
0.002096
-0.011715
0.004996
-0.012171
0.017724
0.006493
-0.003536
-0.014139
-0.025898
-0.005369
-0.001146
-0.006854
0.026830
0.015008
0.000200
-0.009587
-0.011663
-0.008815
0.046346
-0.001564
-0.008971
-0.005832
-0.012262
-0.008310
0.020218
-0.001237
-0.012361
-0.008094
-0.017384
-0.029757
-0.007891
-0.003625
-0.004624
-0.015266
-0.005372
-0.014438
0.017236
0.020033
0.000920
0.010372
0.005686
-0.002350
0.004767
0.006365
-0.015275
-0.001389
-0.009270
0.014387
-0.029644
0.000375
-0.015813
0.001101
-0.003482
-0.007402
-0.021442
-0.004101
0.009333
-0.004786
-0.001797
-0.013330
-0.006349
0.002407
0.002314
-0.000062
0.028310
0.013024
0.042001
0.017975
-0.005185
-0.000529
0.030473
-0.009677
0.002190
0.003841
-0.001704
-0.013660
0.000779
-0.002714
-0.017992
0.008730
-0.003940
-0.011968
-0.015082
0.001082
-0.025128
-0.023736
0.002166
0.005458
0.053564
0.002785
0.002474
-0.001720
0.033492
0.006214
