800
1
-0.024087
-0.013554
-0.013737
-0.127209
-0.054458
-0.030841
-0.010265
-0.074440
-0.031681
-0.007957
-0.017310
-0.035873
0.044527
-0.067760
0.017827
-0.024153
-0.079589
0.015261
-0.016824
-0.005635
0.026712
-0.066285
0.019778
0.050114
0.015244
0.058457
-0.001986
0.022549
-0.015487
0.033913
-0.174741
0.007203
0.058624
0.104975
-0.025179
-0.004769
0.015692
-0.000587
-0.008192
0.005488
0.015762
-0.020554
-0.091134
0.037548
-0.011360
0.097343
-0.019697
0.018598
0.017350
-0.068464
-0.030408
0.004618
-0.093934
0.014838
0.009848
0.104766
0.003524
-0.057754
-0.015744
0.153242
-0.090339
-0.024650
0.016410
0.009912
0.027585
0.083545
0.009538
0.003115
0.000062
-0.016255
0.076960
-0.026526
0.006401
-0.101704
0.015022
-0.017045
-0.011624
-0.060801
0.028342
-0.025288
-0.004646
0.010440
-0.040511
0.009288
-0.036104
-0.051840
-0.109966
-0.003968
0.000105
-0.001687
0.009190
0.028425
-0.054976
-0.004964
-0.015907
0.084325
-0.025982
-0.000378
-0.006126
-0.010153
-0.008473
-0.029471
-0.007662
0.026248
-0.008508
-0.049057
-0.013630
0.000678
0.064163
-0.010076
-0.013380
0.041286
0.202096
0.010250
-0.024898
-0.027060
0.008864
-0.005891
0.016350
-0.002412
-0.020710
0.004531
0.022914
-0.015588
-0.000146
0.109208
-0.002016
-0.015041
-0.064884
-0.079987
-0.006276
-0.019414
-0.045838
0.075293
-0.003371
-0.002442
0.056431
-0.068461
-0.022490
0.027506
0.000916
0.002280
0.044181
0.004875
0.004353
-0.002357
0.070966
-0.013379
0.025206
-0.012676
-0.001617
-0.067756
-0.038918
0.142931
0.013993
-0.026145
0.035525
-0.009435
0.027244
-0.090048
-0.015660
0.007859
-0.019427
0.025701
-0.013209
0.073779
-0.011857
-0.021720
-0.017560
0.014478
-0.007259
0.055855
0.009121
-0.100291
0.015647
0.019749
-0.015300
0.090815
-0.049379
-0.085828
0.021798
-0.070627
0.141694
-0.004041
-0.052115
-0.062862
0.042486
-0.015237
-0.012089
0.015736
0.077808
-0.020878
-0.087666
-0.185824
0.188346
-0.099870
0.052081
-0.060936
-0.024722
0.009872
-0.013597
-0.042673
-0.054421
0.004195
-0.001422
-0.040888
-0.008214
-0.004514
-0.028529
-0.083885
0.017300
0.124203
-0.037178
0.063097
-0.007248
0.008921
0.021554
-0.024353
-0.042271
-0.008356
0.011039
-0.000092
-0.013857
0.052266
0.166048
-0.055699
0.072826
-0.017539
-0.096413
-0.006236
-0.016305
0.105524
0.113814
0.046294
0.056149
-0.050142
-0.031639
0.013648
-0.059153
-0.027795
0.002226
0.017884
-0.024729
-0.035448
-0.027295
0.029995
-0.013537
0.006341
-0.003725
-0.011052
0.000108
-0.006773
-0.076922
-0.046357
-0.015633
0.337385
-0.063589
-0.069744
-0.019103
-0.020542
0.020309
0.076064
-0.021469
-0.003202
-0.033552
-0.028457
-0.033267
-0.065819
0.015239
0.025354
-0.025691
-0.012274
0.060721
-0.094910
0.043686
-0.016095
-0.019586
-0.012539
-0.051792
-0.007404
0.070555
-0.000437
-0.011585
0.010166
0.005708
-0.016753
-0.037908
0.000504
0.027118
0.046859
-0.000016
0.027143
-0.023603
0.060299
-0.035420
-0.116970
0.095450
-0.060163
0.036507
-0.049027
-0.042885
0.013020
0.092964
-0.066720
-0.021051
0.004628
0.041942
0.011848
0.018694
-0.185510
-0.028070
0.066549
0.042226
-0.006304
-0.017449
-0.015464
-0.040659
-0.023421
-0.034169
-0.010844
-0.029307
0.028715
-0.020618
-0.004928
-0.023559
0.012186
-0.067475
0.027293
-0.021632
-0.035432
0.000238
-0.149823
0.366775
0.105270
-0.016067
-0.010246
0.118286
-0.014471
0.043876
-0.041380
-0.017749
-0.035446
0.008213
0.053482
0.044809
-0.005455
-0.000100
0.015304
-0.038560
-0.033389
-0.051253
-0.067006
-0.007124
0.164975
-0.015021
-0.041881
-0.014034
0.046385
-0.004819
-0.093238
0.023411
-0.048423
-0.041639
-0.064116
0.011904
-0.006461
0.076127
-0.019713
0.009515
0.097263
-0.038101
-0.013014
-0.031914
-0.060990
-0.019192
-0.001082
0.085680
-0.020498
-0.025679
-0.019877
-0.005401
0.011488
0.004120
-0.065131
0.365384
0.001427
0.061686
0.107060
0.002544
-0.009449
-0.031266
-0.002090
0.101377
0.007330
-0.019958
0.044606
-0.028256
0.013783
-0.085060
-0.008909
-0.011067
0.121102
-0.009960
0.001641
-0.149157
-0.021565
-0.037204
-0.034184
-0.077636
-0.061307
-0.011008
-0.041301
0.009269
-0.030394
-0.047497
0.011189
-0.014202
-0.012185
-0.087347
-0.031172
0.011656
0.049079
-0.004616
0.052632
-0.032325
-0.096471
-0.041034
-0.007529
-0.030294
-0.020065
-0.035688
0.032065
-0.015666
-0.036477
-0.055039
0.052696
0.058826
-0.017291
0.007566
-0.009222
-0.032761
0.018996
-0.007190
0.020122
0.167942
0.013686
0.016622
0.001151
0.083371
-0.111194
0.053098
0.038476
-0.030219
-0.042445
0.049148
0.088643
0.088899
0.037292
0.060358
-0.007398
0.011912
-0.021564
-0.021379
0.072818
-0.010276
-0.001378
-0.047073
-0.027836
0.064647
-0.002347
-0.027383
0.039624
0.022225
0.004299
0.025749
-0.009135
-0.001109
-0.007211
-0.004458
-0.015447
-0.069865
-0.010884
0.118073
-0.023916
-0.005440
-0.013757
-0.012685
0.110627
-0.059419
-0.022140
-0.002919
-0.032668
-0.013554
-0.022575
0.085771
0.026573
0.055981
-0.020433
-0.051008
-0.005246
-0.033062
0.038978
0.078179
-0.004801
-0.014869
-0.028962
0.028881
0.013478
0.009027
-0.013388
-0.094641
-0.000932
-0.042110
-0.021556
0.326732
-0.042008
-0.023225
-0.002533
-0.026696
0.057945
0.070895
0.020788
0.006133
-0.012153
-0.017262
0.162057
0.006647
0.066332
0.080242
-0.003552
-0.020730
-0.082759
0.046381
0.002111
-0.026050
-0.025817
0.162532
0.001660
0.002210
-0.037619
0.070059
0.040588
0.025918
-0.008462
-0.026307
-0.013639
-0.091164
-0.020195
-0.044666
-0.015081
-0.048614
0.027184
0.023213
-0.067757
0.244377
0.012338
0.003317
-0.014432
-0.009794
-0.021987
0.015206
0.015849
-0.020568
-0.000994
0.044070
-0.013327
-0.001596
-0.010820
-0.018699
0.061773
0.005686
0.006895
-0.012839
-0.032450
0.007650
-0.025394
-0.003001
0.007958
0.025353
-0.008068
-0.022138
-0.032227
-0.015274
-0.084508
-0.073232
-0.025719
0.050453
0.002745
0.016314
0.003977
-0.111263
-0.042529
0.126297
0.012961
0.002378
-0.041385
-0.021487
0.027043
-0.048666
0.009920
-0.029058
0.070262
-0.007267
-0.004993
0.069796
-0.016017
0.019547
-0.080785
0.064130
-0.011348
-0.008627
0.017143
-0.058538
0.010586
-0.005120
-0.008673
-0.014816
-0.098358
-0.011420
0.014009
-0.012589
0.076104
0.075510
0.029343
-0.005779
-0.000387
0.138585
-0.004978
0.019444
-0.063292
0.014251
0.028102
0.077134
-0.041019
0.036166
-0.084033
0.006662
-0.032427
0.028229
-0.003959
-0.004498
-0.059358
-0.063416
0.001242
0.049438
-0.008323
0.107821
0.047687
0.058376
-0.004925
-0.039626
-0.016094
-0.045792
-0.058550
-0.009639
-0.017801
0.006776
0.072483
-0.054686
0.008877
0.084435
0.022792
-0.014565
-0.010732
-0.011708
-0.014267
0.080441
0.007128
-0.026676
-0.043291
0.056591
-0.000323
0.055205
-0.017409
0.113851
-0.043583
-0.057130
0.024356
-0.025201
0.006144
-0.005038
0.057488
-0.033737
-0.006101
-0.017147
0.047506
-0.107602
0.020180
-0.057080
-0.005540
0.049520
0.187051
0.208411
-0.063851
0.015027
-0.035965
-0.019842
0.037345
-0.022664
0.026740
-0.000063
-0.094147
-0.000472
-0.017966
-0.015708
0.120153
-0.012119
-0.008280
-0.024760
0.003764
0.020741
-0.029266
-0.033171
0.004537
-0.089509
0.046306
0.176153
-0.015008
-0.033681
-0.010991
-0.028721
-0.042689
0.046627
-0.066530
0.020759
0.047527
-0.008529
-0.059535
-0.021331
0.002163
-0.014429
-0.010565
-0.033934
0.011940
0.059377
0.024539
-0.029950
-0.122453
0.100091
0.019649
0.001182
-0.074217
0.142475
-0.011019
0.036728
-0.025294
0.137170
-0.040946
0.006286
-0.049108
-0.008842
0.005660
0.002940
-0.007295
0.015880
0.007542
-0.017251
-0.047089
-0.022138
-0.058932
-0.073797
0.032608
0.045015
-0.025425
-0.065856
-0.092042
-0.018989
0.041210
-0.059072
-0.021196
0.019143
-0.037421
-0.008143
-0.009076
0.000428
-0.003960
0.000998
0.001222
-0.001007
-0.015330
-0.021776
-0.031256
-0.001622
0.023868
-0.021026
0.005199
-0.012007
0.011699
-0.079570
-0.032170
0.026307
0.028615
-0.268157
0.015100
-0.002868
-0.056376
0.178291
0.027569
-0.051719
-0.022506
