10
800
-0.191192
0.548597
0.041535
-0.396184
0.065864
-0.164108
0.035584
-0.381655
-0.236164
-0.032317
-0.367861
-0.496372
-0.871372
-0.362751
-0.068058
-0.162182
-0.640252
-0.021365
-0.064527
-0.068155
-0.491740
-0.662931
-0.834018
-0.229875
-0.389850
-0.645743
0.004893
-0.002941
-0.006464
-0.689495
-0.539994
-0.088810
0.016177
-0.391195
0.018089
-0.029194
-0.801773
0.038046
-0.023070
-0.145010
-0.185906
-0.030430
-0.224886
0.064538
-0.061080
-0.427008
-0.197125
-0.597769
-0.144005
-0.316455
-0.408393
0.033667
-0.182992
-0.616369
-0.466730
-0.613701
-0.315200
-0.410979
0.133787
1.015419
-0.156599
-0.217766
0.029634
-0.040275
-0.176328
-0.757450
0.128388
-0.211554
-0.051846
-0.203248
-0.782263
-0.319086
-0.443739
-0.405585
-0.233681
-0.215080
-0.060704
-0.102653
-0.351986
-0.497675
-0.079517
0.061751
-0.313965
-0.001701
-0.096131
-0.176589
-0.580628
-0.195565
0.033527
0.114465
-0.107973
-0.171711
-0.371461
-0.778757
-1.000674
0.697505
0.017801
0.053922
-0.020571
-0.022180
-0.065575
-0.036609
0.005283
0.111454
-0.048443
-0.096905
-0.052853
-0.010163
0.505182
-0.366428
-0.122656
-0.409040
1.860957
-0.047111
-0.044833
-0.081105
-0.216012
-0.169963
-0.145685
0.126226
-0.310142
-0.267274
-0.255291
-0.050957
-0.014541
0.978423
-0.031353
-0.265413
-0.375964
-0.273338
0.039923
0.000451
-1.051160
-0.265486
-0.079566
0.115346
0.489455
-0.507881
-0.188659
-0.126339
-0.058905
-0.324962
0.145715
-0.054165
-0.013396
-0.336251
0.477137
-0.818312
-0.435065
-0.122370
-0.054896
-0.173436
-0.207555
0.749310
0.109599
0.007547
-0.158944
-0.349252
-0.590146
-0.264618
-0.000937
0.012652
-0.409608
0.155844
-0.581780
0.672545
0.037732
-0.300147
-0.047627
0.053692
-0.122489
0.523079
0.006705
-0.343494
-0.185286
-0.166195
-0.631056
-0.545734
-0.433072
-0.150682
-0.314681
-0.337002
1.129509
-0.634905
-0.155736
-0.486032
-0.535681
-0.093160
-0.187777
-0.464347
0.268374
-0.202186
-0.327982
-0.447291
-1.707357
-0.162626
0.236339
-0.404636
0.001770
-0.449325
-0.287596
-0.057553
-0.161903
0.009794
0.056565
0.043364
-0.091014
-0.653505
-0.220236
-0.466667
-0.478456
0.840683
-0.069548
0.134284
-0.013309
-0.236287
0.155186
-0.031003
-0.159505
-0.099404
-0.469550
-0.356932
0.008292
0.229257
1.119682
-1.335358
-0.299137
-0.121833
-0.406657
-0.443421
-0.061563
0.794847
-0.473158
-0.406820
-0.841547
-0.294608
-0.408189
-0.190483
-0.632050
-0.190039
-0.049160
0.089097
-0.063616
0.001074
-0.111444
-0.192690
-0.117904
-0.320206
-0.463163
0.001116
-0.036169
-0.512661
-0.392187
-0.486663
-0.063037
1.716560
-0.493707
0.130517
0.000767
-0.236126
-0.053573
0.350067
-0.200176
-0.016062
-0.327298
-0.788971
-0.283694
-0.097350
-0.338614
-0.027802
-0.155169
-0.170943
-0.500226
-0.452719
0.179957
-0.028202
0.042248
-0.115915
-0.162637
-0.662197
-0.143968
-0.124152
0.017538
-0.340669
0.034422
-0.086435
-0.245012
-0.007042
0.108359
0.072064
-0.225720
-0.697558
-0.023147
0.255384
0.057621
-0.458916
-0.534411
-0.417072
0.270095
-0.155668
-0.106549
-0.011026
0.452071
-0.504134
-0.114511
-0.074866
-0.044201
-0.848060
-0.464999
-0.316043
0.005105
0.589192
0.196738
-0.074643
-0.284304
-0.702110
-0.461902
-0.436421
-0.353524
-0.237205
-0.279007
-0.000954
-0.118246
-0.120691
0.020696
-0.034442
-0.307727
-0.053567
-0.260846
-0.121448
-0.013959
0.239063
1.572571
0.494887
-0.021083
0.056434
-0.337014
0.005515
0.122041
-0.266802
-0.059082
-0.139994
-0.047746
-0.154362
-0.545463
-0.220775
-0.169985
0.180031
-0.673136
-0.102210
-0.236357
-0.401744
-0.220392
0.911700
-0.028291
-0.407763
-0.032871
-0.392123
-0.341533
-0.256962
-0.639876
-0.137685
-0.020663
-0.202199
0.008849
-0.091017
-0.526190
-0.527196
-0.392684
0.582162
-0.258596
-0.460463
-0.044237
-0.377334
-0.049372
-0.102231
-0.780532
-0.022573
-0.004092
-0.447226
-0.059834
-0.972024
-0.028011
-0.636460
2.093326
-0.116568
-0.222902
0.625166
-0.395157
-0.150187
-0.238783
-0.073055
0.528014
-0.019241
-0.012538
0.447716
-0.137427
-0.067966
-0.326897
-0.059779
0.078815
-0.343807
-0.148051
-0.266904
-0.292851
-0.020325
-0.318293
-0.009896
0.005179
-0.550061
0.061484
-0.160042
-0.247410
-0.019529
-0.104421
-0.358098
-0.074595
-0.433217
-0.544780
-0.194562
0.007326
0.474848
-0.221026
-0.169195
-0.048062
-0.608975
-0.146879
-0.002248
-0.080091
0.086995
-0.083680
-0.449370
-0.071085
0.094759
-0.443701
-0.178609
-0.655905
-0.570079
0.285777
-0.359132
-0.360579
0.167795
-0.199333
-0.376649
0.924994
0.002851
0.011088
-0.030845
0.502347
-0.410100
-0.231777
-0.227260
0.006852
-0.183230
0.293141
0.774112
-0.308652
-0.205613
-1.199343
0.000032
-0.174981
-0.019040
0.027811
0.105108
-0.557344
-0.084251
-0.225943
0.003880
-0.287270
-0.021243
0.012602
0.400494
-0.570490
0.032303
0.067427
0.052847
-0.154955
-0.134769
-0.301149
0.048522
-0.386507
0.002311
1.128960
0.059070
-0.435585
-0.437016
-0.022098
1.267309
-0.365132
-0.212022
-0.478327
-0.014062
-0.248486
-0.083418
-0.561709
-0.040729
0.459996
-0.414259
-0.492867
-0.051418
0.031148
-0.190793
0.295518
-0.153624
-0.001548
-0.289421
-0.079254
0.121987
0.138059
-0.534203
-0.431179
-0.590119
-0.103476
-0.116703
1.902032
-0.117300
-0.952350
-0.547816
-0.062910
0.112156
-0.112934
0.529421
-0.265930
-0.051507
0.008220
0.945210
-0.065102
-0.250548
0.488500
-0.066344
-0.742949
-1.001263
-0.694035
-0.149804
0.015994
-0.465774
0.926057
-0.130053
-0.038846
-0.260366
0.337042
-0.178494
-0.427089
-0.441455
-0.004832
0.069658
-0.648867
-0.025890
-0.089580
-0.563024
-0.172745
-0.117029
0.046325
0.052588
1.302058
-0.016732
-0.253202
-0.131632
-0.278506
-0.029155
-0.046939
-0.140217
-0.016397
-0.360642
-0.312314
-0.885585
-0.201369
-0.523556
-0.083097
-0.055384
0.029394
0.019488
-0.193323
-0.519917
-0.787776
0.007282
-0.053120
-0.565341
-0.200730
0.000097
-0.085598
-0.058970
-0.013976
-0.504799
-0.312072
-0.207733
-0.432205
-0.023465
-0.981598
-0.091304
-0.579380
-0.133329
0.764326
-0.076486
0.000644
-0.045900
-0.114731
-0.597087
-0.473126
-0.506044
-0.041941
0.410417
-0.010609
-0.241571
-0.798015
-0.127642
-0.546233
-0.266947
-0.494573
-0.152966
-0.094250
-0.213201
-0.370704
0.150979
-0.144236
-0.084873
-0.055475
-0.642693
0.024824
-0.140566
-0.148305
-0.485261
-0.876299
0.463009
0.005976
-0.191453
0.583528
0.014038
-0.747021
-0.166630
-0.064859
-0.244980
0.102779
-0.104701
-0.190656
-0.480008
-0.451718
-0.261093
-0.372013
0.048372
-0.432642
-0.717861
-0.094946
-0.288070
0.194029
-0.062184
0.710281
0.273789
0.132383
-0.066385
-0.339421
0.028478
-0.115512
-0.115052
-0.058887
-0.063985
-0.083732
-0.148096
-0.355089
-0.096156
-0.481024
-0.081320
-0.424412
-0.533131
-0.076580
-0.022794
0.326209
-0.239748
-0.506867
-0.576495
-0.183298
-0.157231
0.427845
-0.182654
0.811025
-0.693867
-0.267077
-0.554733
0.033303
0.159543
-0.224420
0.258661
-0.127768
-0.068622
-0.766527
0.350814
-0.419422
-0.173432
-0.206459
-0.014415
-0.108136
1.541395
1.419510
-0.626797
0.126820
-0.637844
-0.492344
-0.858990
-0.150720
-0.358597
0.186809
-0.122618
-0.120568
-0.214539
-0.144606
-0.360124
-0.095685
-0.231504
-0.516597
-0.330087
-0.260999
-0.140021
-0.107808
-0.469393
-0.800233
0.150776
0.778358
-0.438126
-0.196701
-0.236680
-0.127224
-0.148382
0.326629
0.002921
-0.182017
0.346618
-0.028147
-0.268238
-0.794538
-0.358943
0.021692
0.004342
-0.296854
-0.211823
-0.305333
-0.295714
-0.244139
-0.191534
0.829574
-0.420262
-0.177423
-0.437369
-0.975775
-0.105832
0.560569
-0.839177
1.470207
-0.244206
-0.228029
-0.447392
-0.174339
-0.033977
0.039504
-0.004695
-0.024914
0.032232
-0.351599
-0.262915
-0.050245
-0.208061
-0.122100
-0.153563
-0.412699
-0.157651
-0.152784
-0.707882
-0.030255
0.103777
-0.136947
-0.400737
-0.189694
-0.179198
-0.393507
-1.070137
-0.067300
-0.136816
-0.102926
-0.045936
-0.185284
-0.401820
-0.434403
-0.423923
-0.245555
-0.198416
-0.009878
-0.769999
-0.150301
0.144618
0.080078
-0.209858
-0.236067
-0.046368
-0.829042
-0.365615
0.013861
0.115148
1.296753
-0.391571
-0.349885
-0.049532
-0.032777
-0.574052
-0.087661
0.545718
-0.297086
-0.044053
0.205866
0.778630
-0.699738
0.038873
-0.026652
0.278227
-0.283409
-0.026439
0.176622
1.003632
1.335441
-0.044020
0.077015
-0.024999
-0.296195
-0.231393
-0.240974
-0.169871
-0.152153
0.567186
0.046460
-0.000069
-0.093356
-1.034215
-0.147311
0.175609
-0.323772
-0.506141
0.031314
-0.030533
-0.445875
-0.000208
0.034059
0.669888
-0.736194
-0.079743
0.154086
-0.055565
-0.108499
-1.191064
-0.246119
-0.372408
1.152039
-0.264729
-0.205241
0.032822
0.019406
-0.125054
-0.095503
-0.807533
0.008831
-0.123415
0.013513
-0.047980
0.774159
-0.113086
0.152449
-0.015142
-0.040403
0.439327
0.007294
0.084306
-0.054173
0.525814
-1.512370
0.082637
-0.347739
1.101836
-0.541959
-0.226475
-0.411182
0.026347
0.084033
-0.340235
-0.209919
-0.349265
-0.282107
-0.141402
-0.133838
-0.065962
0.962069
0.019050
0.022854
-0.171102
0.222959
0.360784
0.051228
-0.100084
0.163766
-0.852139
-0.222604
-0.013561
0.315983
0.074365
-0.028534
-0.188414
-0.207567
0.043259
0.137884
-0.095870
-0.059655
-0.000981
0.524122
0.178134
-0.269766
-0.808610
-0.394371
-0.056484
-0.013699
-0.205087
0.178796
0.294600
-0.136944
0.001384
-0.109979
0.047490
-0.073899
0.040680
-0.027003
-0.338409
-0.139744
-0.097621
-0.371548
0.067052
-0.042107
0.074337
0.493000
-0.318884
0.013220
-0.128498
-0.359612
0.775484
-0.076164
0.118261
-0.061549
-0.286843
0.093323
-0.161884
0.054381
-0.201054
-0.404034
0.346150
-0.531067
0.012836
-0.115865
0.009744
0.211090
0.037060
0.183531
0.102912
0.207118
0.066508
-0.804387
1.098645
-0.040240
0.502303
-0.022824
-0.697033
-0.732798
-0.289679
0.008792
0.019086
-0.141938
0.577907
0.055328
0.241592
-0.259063
1.038331
-0.179344
-0.241231
-0.086176
-0.570027
1.123911
1.076609
-0.783001
0.589775
0.004607
-0.543458
0.064155
0.224311
-0.400945
-0.053949
-0.182247
-0.298037
0.959472
-0.117696
0.747785
1.757502
-1.390788
0.420464
-0.319179
0.779886
-0.065388
-0.698563
-0.265957
-0.148484
0.463469
0.077244
0.055081
0.805987
-0.054247
0.260848
-0.225700
0.397865
0.492745
0.192366
-0.019489
0.796658
0.041150
0.456334
-0.252187
0.045347
-0.227128
-0.086230
-0.505709
0.415014
-0.199615
0.003482
0.166063
0.651320
0.406460
0.081765
0.280961
0.720437
0.069590
0.722347
0.148070
0.288586
-0.428690
-0.136972
0.423585
-0.253018
0.901037
0.025649
0.030308
0.084221
-0.090095
-0.184426
0.083873
-0.571001
-0.027145
-0.455862
0.632787
-0.069352
0.019340
-0.424730
0.741673
0.612082
0.043898
0.624249
-0.141283
-0.157426
-0.048404
-0.121040
0.001250
0.414515
0.056179
-0.022097
-0.295189
-0.822161
-0.107041
0.563676
-0.229871
-0.876921
0.294602
-0.222860
-0.407383
-0.340357
-0.111815
-0.057566
-0.160983
-0.206473
0.160139
-0.443518
-0.501301
0.130911
-0.033302
0.220983
0.001688
0.048477
0.861563
-0.053736
0.006015
-0.434814
-0.243140
-0.888251
0.305918
-0.043803
-0.067861
0.228760
-0.411713
0.410028
-0.133149
0.449491
0.098209
0.057859
0.018084
1.478723
-0.084530
0.067360
-0.306109
-0.527990
-0.266334
0.668092
0.038948
-0.356319
-0.231007
-0.103482
0.044238
1.358504
-0.555847
0.186705
-0.168541
0.143005
0.354332
-0.145045
0.209469
-0.189596
-0.095747
0.145960
-0.037759
-0.381001
0.667754
-0.246221
-0.013836
0.198259
0.608475
-0.598600
-0.055854
-0.035461
0.912655
-0.084767
0.127797
0.215256
0.059975
0.021165
0.013217
-0.396155
-0.500909
-0.478197
0.206123
0.009920
0.141678
-0.268143
0.965679
1.268849
-0.046756
0.218590
0.164652
-0.377592
-0.020460
-0.655648
-0.251789
1.354850
-0.214637
-0.058225
-0.060401
-0.086470
0.048767
0.078724
-0.381176
0.318897
-0.200092
0.138379
0.092157
-0.346891
-0.108124
0.081872
-0.164798
0.276012
-0.569082
-0.044751
-0.010876
1.556201
0.006465
0.076562
-0.123676
1.181960
0.627082
0.242158
0.246173
0.398775
-0.548815
-0.176343
-0.250245
-0.398170
-0.041324
-0.119684
0.006296
-0.236303
-0.283413
-0.178456
1.049281
-0.060944
-0.039445
0.441192
0.431399
0.081438
0.894080
0.022273
-0.129351
-0.623012
-0.084423
-0.121742
-0.135561
-0.212273
-0.518834
-0.023584
0.170449
-0.076237
-0.038161
-0.178313
-0.053298
-0.270605
0.080356
0.040846
-0.105909
0.613281
0.106828
-0.236962
-0.104503
0.084334
0.398050
-0.033207
-0.045511
-0.628965
0.014501
-0.532186
0.236518
-0.314437
-0.475079
0.149585
-0.029642
-0.531679
0.113622
-0.375452
-0.144116
-0.034064
0.523144
0.013116
-0.257936
-0.092882
0.264355
0.680212
0.091165
-0.144755
-0.154568
-0.413442
0.207005
-0.051435
-0.863517
-0.109644
-0.873584
-0.109491
0.047439
0.078865
-0.164057
0.083730
-0.766620
0.007329
0.313109
0.435270
-0.529981
-0.611489
-0.183012
0.247265
-0.609893
0.141117
0.063602
0.100031
-0.492680
-0.230145
-0.274183
-0.285190
0.405400
-0.037626
0.102845
-0.049391
-0.628443
-0.052719
0.055817
-0.219068
0.395241
-0.376634
-0.484033
-0.236752
0.104056
-0.124182
-0.786891
-0.267721
-0.153301
-0.041900
0.791389
-0.131566
-0.542418
0.684078
0.136336
0.105137
-0.062887
0.384159
-0.217388
-0.034375
-0.139261
1.963707
0.426809
-0.278586
-0.276064
-0.149682
0.588657
-0.026736
-0.530973
1.176842
-0.016679
-0.493404
-0.414275
-0.005199
0.267088
-0.055110
0.471670
0.339229
-0.044463
-0.908501
0.376755
-0.016743
0.012013
0.395863
-0.252399
0.254658
-0.041874
-0.517138
0.135833
0.057633
-0.006736
0.151359
0.130124
-0.462746
-0.291506
0.469382
-0.003573
0.008976
1.858385
0.078935
0.115669
-0.608696
-0.344037
0.589770
-0.045906
0.906351
0.554686
0.558291
-0.063203
-0.281754
-0.460150
-0.020219
0.494015
-0.059777
-0.154837
-0.281659
0.222688
-0.533018
0.021381
0.633692
-0.129818
0.076326
-0.165667
0.235655
0.875860
0.725661
0.451883
0.093573
-0.165982
-0.570534
-0.054786
-0.030011
0.070419
0.040325
-0.085063
1.158712
0.916270
0.327003
-1.109343
-0.262096
-0.396130
0.018052
1.040173
0.008492
0.540013
-0.149339
0.055895
-0.175359
-0.066276
0.353762
0.863749
0.245778
0.135362
0.140106
0.218350
0.294292
-0.947016
-0.438937
0.120751
-0.241617
0.254931
-0.080100
0.398722
-0.114018
-0.142639
-0.108115
-0.137812
0.029513
-0.016716
0.054436
0.011832
-0.100167
-0.226255
0.589614
-0.689319
0.525724
-0.277819
-0.315565
0.064422
-0.059290
-0.371455
0.445761
0.098639
-0.161287
-0.056372
0.246642
0.168959
0.622212
-0.277464
-0.442248
-0.846627
-0.187439
-0.864438
-0.698056
-0.107391
0.003881
-0.360770
-0.102609
0.527948
0.665417
-0.057816
-0.023495
0.015210
0.050099
-0.093120
-0.071094
-0.068351
-0.075829
-0.135033
-0.166774
0.312284
0.628916
1.115193
-0.664840
-0.389257
-0.572522
-0.078178
-0.045202
-0.288948
0.034010
-0.055712
-0.482522
-0.242503
-0.031550
-0.375941
-0.714670
0.143268
-0.139907
0.483119
-0.838382
-0.054355
-0.192474
-0.318621
-0.083812
-0.010338
-0.170927
0.682275
-0.117162
0.538053
-0.188776
1.239631
0.045559
0.085263
1.028939
0.249119
-0.266837
-0.152384
0.238911
-0.145644
0.398156
-0.093505
-0.436279
-0.116331
0.014713
-0.113927
-0.153639
-0.212548
0.211495
-0.058252
0.663648
-0.327973
-0.180076
-0.427883
0.054908
-0.054218
-0.327479
1.705891
-0.211283
0.318382
0.019771
0.078263
-0.254160
-0.192330
0.005576
-0.063505
-0.060458
0.067328
0.212640
-0.001244
0.617638
-0.456156
-0.417231
-0.065853
0.023480
0.040498
-0.093616
-0.257017
-0.139887
-0.790222
0.703271
-0.076622
0.340566
0.069761
-0.162022
-0.966382
-0.146927
-0.169773
-0.617035
-0.036704
-0.217316
0.028980
0.597600
-0.188341
0.013894
0.035691
-0.046011
0.163708
0.005395
-0.157389
0.211498
-0.003048
0.234281
-0.027371
-0.337594
-0.381906
-0.040005
0.359581
-0.323446
-0.073912
-0.024614
-0.090715
-0.105859
-0.167960
0.480171
-0.033331
-0.564195
-0.167005
-0.149239
0.054613
-0.206176
-0.239455
-0.370938
-0.403016
0.118985
-0.386033
-0.014193
-0.048530
-0.322565
-0.052107
-0.283656
1.195680
-0.151202
-0.090007
-0.443102
1.705341
-0.702264
0.035640
-0.432062
0.055713
-0.549601
0.416237
-0.168063
-0.088440
-0.236109
-0.107800
-0.337120
-0.079095
-0.032736
-0.263949
0.033040
0.369513
0.195861
0.073917
-0.191404
0.170361
0.017897
-0.294231
-0.574181
-0.943560
0.036062
0.020708
0.086976
0.054867
-0.971875
0.570066
0.326143
-0.357038
0.497951
0.016181
0.048119
-0.019560
1.512710
-0.754920
-0.122215
0.201426
-0.430302
-0.003314
0.030366
-0.059619
-0.033179
-0.091505
-0.333124
-0.175751
-0.188420
-0.369589
-0.081743
0.071744
0.213963
0.523871
-0.528057
0.039424
0.122265
0.291475
-0.020104
-0.855468
0.967780
-0.354337
0.086574
-0.303214
0.496085
0.074043
0.028173
-0.417824
-0.104110
-0.002549
-0.416080
-0.160952
0.741470
0.019105
0.232408
-0.013737
-0.252542
-0.398328
0.089634
0.039994
-0.510724
-0.629043
0.256954
0.339231
-0.544764
0.353024
0.201774
-0.380559
0.470107
0.701247
0.027126
-0.150639
0.034096
-0.329635
0.260496
-0.097628
-0.368860
-0.205503
0.072192
1.527784
0.164587
0.417463
0.133432
-0.375201
0.011389
-0.041190
-0.040029
-0.038514
-0.015354
-0.038771
0.395936
0.131577
-0.256734
0.039802
-0.042664
-0.484769
-0.080684
-0.217489
-0.325681
0.444137
-0.061402
-0.324547
0.297205
0.061556
0.378198
0.289584
-0.309390
-0.061656
-0.113465
0.592148
0.209181
-0.122433
0.085722
0.096847
-0.052465
-0.218698
0.076185
-0.017060
0.040827
-0.324618
-0.036564
-0.385338
0.030408
0.387612
-0.481635
0.136747
0.699613
0.030491
1.536468
0.051615
-0.126017
-0.055499
-0.134090
0.024771
-0.488637
0.551357
-0.272343
-0.270458
-0.142402
-0.419927
-0.262897
0.362234
0.594433
0.042589
-0.361266
0.612855
-0.414125
-0.231645
0.342284
-0.487026
0.644126
0.383607
0.578598
0.091704
0.260964
-0.000922
-0.198043
-0.069235
-0.335033
0.688153
-0.632147
0.343693
-0.155981
0.476190
0.673453
0.028896
-0.159202
-0.279107
-0.785692
0.093783
0.638368
-0.233292
-0.106385
0.125567
-0.109904
0.271445
-0.347359
-0.226732
-0.265074
-0.490006
1.137160
-0.019762
-0.412925
0.433665
-0.202181
-0.070891
0.205530
-0.197216
0.491969
0.316901
-0.015181
0.350285
-0.366111
-0.190360
0.112615
-0.267496
0.077338
-0.206868
0.171934
-0.267613
-0.552333
0.050073
-0.372543
0.365873
-0.097269
0.562595
-0.010134
0.182696
-0.143340
-0.407548
0.387588
-0.332183
-0.525967
-0.280990
0.258456
0.471671
-0.126947
0.144064
-0.379026
0.045684
0.516375
0.217326
-0.084252
0.792349
-0.529854
-0.412875
-0.125967
-0.087310
-0.151103
0.018590
1.308493
0.076116
0.914035
-0.503351
-0.690987
-0.021061
0.008026
0.164958
-0.127191
-0.020990
-0.530360
-0.029588
0.327432
-0.296627
0.880630
-0.033997
0.260497
-0.202922
0.268182
0.147644
-0.030482
0.009944
0.972372
-0.113442
0.415954
-0.703375
0.816485
-0.251015
0.695810
0.377861
-0.074392
-0.066773
0.035000
0.018632
-0.348394
0.017377
0.366620
-0.027006
0.041232
-0.008556
0.754741
0.044755
-0.124021
-0.605404
0.027390
0.060664
0.236538
-0.353621
0.079701
-0.032648
0.620469
0.324639
0.922362
-0.309987
0.258149
-0.228255
0.199514
0.455615
-0.136776
0.091809
-0.214549
-0.236104
0.041760
0.245436
-0.023764
0.027985
1.083874
0.122694
0.386555
0.027687
-0.113244
-0.220391
-1.348088
-0.227604
0.275713
-0.517470
0.657081
0.671668
0.066454
-0.032961
0.344103
0.015100
-0.045189
0.179270
0.070672
-0.371554
0.393574
0.116567
1.750920
0.717636
0.914321
0.057059
-0.080983
0.048416
0.050399
0.220529
-0.063989
-0.040933
-0.796366
0.128461
0.568627
-0.319664
0.520125
-0.194890
-0.065493
-0.343531
-0.233577
-0.611487
-0.527379
-0.350481
-0.304546
0.040474
0.096721
-0.021120
-0.048025
0.064378
-0.793557
0.317673
0.424655
0.097466
0.386722
-0.153472
0.009419
0.466239
-0.394230
-0.416202
0.123307
0.278166
-0.381901
0.630765
-0.632592
-0.080051
-0.192589
0.072304
0.064823
0.054171
-0.552228
0.168401
0.207394
-0.051878
-0.488418
0.113832
-0.071553
0.003333
-0.205152
0.135004
0.248321
0.152306
-0.010701
0.234455
-0.052355
-0.073630
0.094728
0.141825
0.185431
-0.507699
0.027030
-0.067226
1.077883
-0.371777
0.178577
-0.246175
-0.052707
-0.539770
0.380540
-0.323852
-0.492369
-0.319601
0.670516
0.095644
-0.006242
0.181926
0.461313
-0.423609
-0.411124
0.762382
0.024194
-0.008256
0.113843
0.335450
-0.175116
0.337918
0.408505
-0.336078
0.001784
-0.392115
0.083456
-0.070118
-0.235250
-0.015491
0.732918
0.071710
-0.286225
1.012683
0.737393
-0.243690
1.264028
0.615341
0.281603
0.244134
-0.544856
-0.346693
-0.009728
-0.261706
0.100329
-0.149192
0.298141
-0.231913
-0.514064
0.164102
0.190771
-0.029501
-0.000888
-0.144319
-0.255732
-0.033912
0.334930
-0.224571
0.108103
0.251001
-0.123593
-0.040469
0.105700
-0.172738
-0.065827
-0.835434
0.034155
-0.254359
0.213896
0.575789
-0.062009
-0.110462
-0.219483
0.198400
0.100157
-0.147863
-0.443788
0.093871
0.046582
-0.048814
-0.032761
-0.655803
-0.480644
0.032502
0.055116
0.401850
0.598927
-0.232653
-0.062533
-0.077375
-0.095286
-0.980356
0.459666
0.422965
-0.060960
0.423191
0.132897
0.099594
0.103043
0.073128
-0.805980
0.074264
0.715169
-0.150957
-0.074190
0.104156
-0.762523
-0.387593
0.987538
0.063872
0.001879
0.210557
0.059647
0.078752
0.090598
0.100198
-0.802229
-0.127422
-0.697774
-0.064024
0.115284
-0.655168
0.003381
-0.089264
-0.614973
-0.326323
-0.014492
-0.637004
0.025670
1.040652
0.747437
0.036953
0.049402
-0.314955
-0.132245
-0.014012
0.181146
-0.169209
-0.241982
-0.151806
-0.871158
0.039919
0.055202
1.169885
-0.122839
0.238993
0.206493
0.227141
-0.043490
0.082727
-0.089224
0.051898
-0.228033
-0.032422
-0.225800
-0.063620
-0.252865
-0.150540
-0.338866
0.106137
-0.861076
-0.088881
0.194423
0.216009
0.683128
0.725485
-0.216831
-0.191782
0.033235
0.051926
-0.226308
-0.894661
-0.164408
-0.007254
-0.783882
-0.187085
-0.017528
0.100685
-0.031165
-0.035075
0.218327
-0.550066
-0.147100
0.817520
0.226654
-0.191978
0.179387
-0.488858
0.090449
-0.069419
-0.113040
0.011555
-0.117382
-0.123453
-0.506653
0.016889
-0.133969
0.129136
-0.018009
0.056873
-0.100500
-0.112437
-0.152315
0.198310
-0.093911
-0.601272
-0.402677
0.316535
-0.576901
0.555942
-0.044913
-0.137478
-0.101440
-0.146557
-0.120265
-0.006942
-0.277401
0.083193
-0.522213
0.071286
-0.620600
-0.438795
0.019640
-0.323991
0.089476
0.599422
-0.087842
-0.090429
0.002101
0.013544
-0.097263
0.523819
-0.587471
0.476927
-0.231678
0.233256
-0.425413
1.208894
-0.987642
0.488875
0.006673
0.325491
0.096501
-0.155650
-0.126224
0.401583
-0.104875
0.382506
-0.038362
0.058456
-0.129555
-0.033392
-0.822976
0.133277
0.702710
0.355718
-0.309736
-0.644907
0.416094
-0.401165
0.546506
-0.029151
0.049128
0.488343
0.079410
-0.098061
0.622687
-0.032396
0.191396
0.591341
0.128540
-0.226094
0.259584
0.103263
-0.711525
0.036326
0.517539
0.396345
-0.490402
0.368766
-0.068698
0.674381
0.076462
0.826874
0.507078
-0.534113
-0.065070
-0.226365
-0.270234
0.160444
0.472150
-0.104043
0.014986
0.032104
-0.316733
0.121977
0.163715
0.112558
0.462608
0.241075
-0.068474
0.390668
0.059378
0.098674
-0.327299
0.193944
0.519110
0.168155
-0.123729
-0.062137
0.124212
-1.411051
-0.014790
-0.343513
0.702279
0.268880
0.376594
0.116774
-0.044963
0.276652
-0.597518
0.516830
0.047981
0.067795
-0.451901
-0.903010
1.277012
-0.135203
-0.113033
-0.380331
-0.135109
-0.444670
0.539820
0.705916
-0.000177
0.209766
-0.386698
-0.149474
0.618277
-0.356546
0.010622
0.499298
0.249355
0.193541
-0.050512
0.164195
0.334093
0.504040
-0.066691
-0.059781
-0.153824
-0.107209
0.129920
-0.004254
-0.271312
-0.196774
0.243230
0.674907
0.439960
-0.056553
-0.036746
-0.541575
-0.511586
-0.129298
0.283957
-0.214632
-0.085187
0.239790
-0.364884
0.087982
-0.080859
0.209654
0.953501
0.018824
0.162545
-0.025783
-0.046624
-0.189323
0.712790
2.481594
-0.235448
-0.036460
0.962359
-0.149823
0.173593
0.488092
0.382189
-0.321677
0.325433
0.167638
-0.097060
-0.052248
0.848145
0.287265
0.447466
0.188187
-0.025886
0.322911
-0.518080
0.098602
1.490614
-0.457859
0.055827
-0.045414
0.452879
0.955344
0.071459
0.526993
-0.180703
-0.113185
0.865180
-0.004398
-0.243047
-0.194185
0.029737
-0.005410
-0.005587
0.389148
1.358418
0.468940
-0.228890
-0.266037
-1.820881
-0.009927
-0.116003
0.126236
0.090484
1.341002
0.292511
0.048615
-0.338304
-0.002023
-0.051646
0.381946
0.023965
-0.010486
-0.204885
1.009199
0.562305
-0.286810
-0.530678
-0.043531
0.289825
0.823308
-0.337551
-0.474661
0.575472
-0.073374
0.065375
-0.550827
-0.080137
-0.397664
0.143643
-0.385981
-0.003726
-0.155369
0.380090
-0.600798
-0.136986
-0.036815
-0.202666
-0.109126
1.275645
-0.015811
-0.237484
-0.087400
-0.420284
-0.106211
1.005897
0.232944
0.796402
0.400528
0.297738
-0.166479
0.656709
-0.144518
-0.398316
0.215253
0.142166
0.525323
0.047825
0.002666
-0.009000
-0.515715
0.161986
0.033292
-0.225859
0.324103
-0.200536
-0.485812
0.423057
0.276316
-0.140830
-0.086499
-0.047337
0.023774
-0.153737
-0.010053
-0.152421
0.195305
-0.198282
0.151376
0.210926
-0.113460
0.105255
-0.359863
-0.040237
-0.465687
-0.033457
-0.173266
0.042264
0.323147
0.080770
-0.182713
-0.059041
0.285800
-0.155648
-0.177922
-0.282572
0.043680
0.269503
0.173616
-0.087784
-0.350541
-0.052891
0.634560
0.909352
-0.055787
-0.058154
-0.704219
-0.064655
0.079914
-0.188241
0.071025
1.090224
0.295457
0.103316
-0.142805
0.148343
-0.098582
0.084314
-0.020158
-0.086286
0.302712
-0.337728
0.666815
0.205698
-0.005558
-0.001360
0.555098
0.086693
-0.142347
0.138223
0.226782
-0.078115
0.051289
0.603230
-0.425686
-0.759533
-0.205986
0.503853
-0.429943
-0.202367
-0.014206
0.101691
0.052786
0.065376
0.259734
0.649998
0.059676
-0.497551
0.083908
-0.096027
0.382185
0.471867
0.712114
0.811994
-0.074384
-0.297077
-0.238724
0.429900
-0.144230
0.732040
0.095344
0.268745
0.442395
0.147902
0.066545
-0.409722
-0.731303
-0.637276
0.807333
-0.362437
0.067000
-0.296776
-0.029533
0.283353
-0.414358
-0.104192
-0.148491
0.031482
-0.123153
-0.612489
0.175916
-0.166546
0.368271
0.592589
-0.281480
0.142779
0.589705
0.683109
-0.163237
-0.381333
-0.376187
0.043207
0.090320
-0.019234
-0.090610
0.049464
0.174646
-0.266980
0.033155
-0.478440
-0.806144
0.191173
-0.369456
-0.683455
-0.050904
-0.161337
-0.634028
-0.353755
0.131741
0.003005
0.282410
-0.204378
-0.585397
-0.245539
-0.017696
-0.126417
0.123857
-0.265209
0.057351
0.058125
-0.381255
-1.346873
-1.380470
-0.035708
-0.066711
-0.859836
0.138056
-0.087554
-0.054145
0.371047
-0.034216
-0.116910
0.082468
0.282028
-0.099708
0.461723
0.798293
-0.022169
0.429888
0.235585
0.023885
-0.554255
-0.418748
0.715852
-0.151631
-0.088701
0.180743
-0.094266
0.084685
0.050697
0.075780
-0.631744
-0.019259
0.327103
0.004084
-0.152321
0.013099
0.246225
0.035351
0.291638
0.609367
-0.048575
-0.034545
-0.062082
-0.473931
0.413220
0.048563
0.387241
0.070497
0.301533
0.043939
0.883082
0.073445
-0.380613
0.173348
-0.212065
-0.166590
0.425906
-0.078170
-0.177934
0.305852
0.401657
0.204150
-0.702644
-0.151835
-0.147041
0.256986
-0.011062
-0.027567
0.680992
-0.139805
-1.054862
0.502970
-0.572708
1.307406
-0.089360
0.137433
-0.204766
0.066743
-0.173847
-0.140555
0.339407
-0.276779
0.290522
0.162269
-0.100292
0.307022
0.319255
-0.010009
0.045842
-0.592756
-0.016885
-0.313469
0.138577
0.066187
-0.861004
-0.118124
0.398902
0.028201
0.174924
-0.200095
-0.088276
0.484963
0.006067
0.212725
0.661467
0.063270
-0.180807
0.040211
0.167875
0.005213
-0.296449
-0.041055
-0.360440
-0.628877
0.264819
-0.177082
-0.114034
-0.067445
0.004583
-0.056871
0.942138
-0.226391
-0.231795
0.130645
0.034076
-0.118472
-0.803132
-0.269689
-0.305305
-0.606931
-0.036116
-0.030896
0.126335
-0.053465
0.258730
-0.143852
0.146152
-0.017484
-0.471116
-0.601179
-0.096120
-0.223015
0.016484
0.505264
0.407329
-0.021574
-0.148229
-0.028902
-0.152222
0.005407
0.253429
-0.037701
0.157338
0.011894
-0.688488
-0.540232
0.172218
-0.333661
-0.013896
-0.618907
0.196583
0.284216
-0.184495
0.452113
-0.039098
0.801052
0.037291
0.599036
0.170803
-0.234417
0.652804
0.135555
-0.004763
0.094784
-0.184789
0.338401
0.126504
0.023503
0.199420
0.309536
0.053300
-0.182848
-0.014818
-0.104311
-0.271847
-0.017728
-0.206868
-0.167254
0.012561
0.463608
0.368268
0.422178
0.613908
0.633288
0.191834
0.273756
-0.457924
-0.529744
0.051206
-0.195325
-0.052527
-0.036536
0.549851
-0.589790
-0.017131
-0.067413
0.207017
-0.096561
-0.192130
0.578210
-0.082557
0.255587
0.247600
0.010777
0.058253
-0.402566
-0.348536
-0.014148
0.044711
-0.475626
-0.268733
-1.436528
0.447949
-0.421964
0.202550
0.382759
-0.046949
-0.022091
-0.100539
1.005980
0.213703
-0.488744
-0.207823
-0.161664
0.095035
-0.228104
-0.019475
0.073021
-0.284096
-0.029750
-0.033259
0.435157
-0.163470
-0.750537
-0.138801
0.336422
0.364238
1.603535
-0.245496
0.662125
0.374917
-0.688061
0.165792
1.098520
-0.452671
0.099527
-0.140754
0.136126
-0.179407
0.250155
-0.041890
-0.040242
1.121633
1.122043
-0.175658
0.467747
-0.095159
0.151559
-0.330902
0.496897
-0.373023
0.017053
-0.230254
-0.215933
0.999305
0.217589
-0.026717
0.046180
-0.623253
-0.230269
0.973188
-0.008164
0.121855
-1.138167
0.720619
0.036786
0.340524
-0.071198
-0.123375
-0.102682
-0.083467
0.157797
0.299322
-0.039281
0.232733
0.192386
-0.893073
-0.018982
-0.048682
0.356828
0.029915
-0.427776
0.082888
0.024150
0.313754
-0.080774
-0.425012
-0.181509
0.351897
-0.343120
-0.388108
-0.085512
0.154537
0.079607
-0.139180
-0.103057
-0.630456
-0.860479
0.359087
0.154417
0.474110
0.061012
-0.873390
-0.279805
0.069826
0.302025
-0.045249
-0.678744
0.299319
0.051444
-0.137169
-0.079574
0.006019
-0.325039
-0.064499
-0.038318
0.649468
0.329912
-0.177017
0.599459
-0.201129
0.102619
-0.204180
0.965156
-0.192716
0.308510
0.454792
-0.074327
-0.049906
-0.294886
-0.557974
-0.086206
-0.606945
0.166108
0.004769
0.012961
0.850374
0.013075
0.415820
0.105897
0.060723
-0.351803
0.065686
0.262341
0.153624
0.187756
-0.117369
0.192183
0.135091
0.135539
1.183551
-0.010368
0.273395
-0.279231
-0.447442
-1.259889
-0.140575
-0.153952
0.377949
-0.154976
-0.075080
0.387062
0.970813
-0.017905
-0.105391
0.061712
-0.178175
-0.659210
-0.321240
0.079417
0.949259
0.482602
-0.487505
0.323253
-0.125955
0.464764
-0.515989
0.624635
-0.199541
-0.170164
-0.310221
-0.332296
0.012590
0.149102
0.013931
-0.013998
0.293265
0.048038
-0.136750
-0.158437
-0.542426
-0.121831
0.100092
-0.781868
0.344057
0.088129
-0.311734
-0.214220
-0.026668
-0.165472
-0.002461
-0.230474
0.608278
-0.212476
0.561153
-0.240284
-0.035734
0.155170
-0.106505
-0.444106
0.145720
0.009099
0.248016
-0.200017
-0.362954
-0.391903
0.153371
1.588083
-0.091513
-0.230614
0.222339
0.328224
-0.030099
-0.197162
-0.035554
0.067506
0.352768
0.020662
0.248942
0.285678
-1.364112
0.091137
-0.202028
-0.101849
-0.753491
0.485451
-0.067473
0.041900
-0.458014
0.038684
-0.036702
-0.073917
0.021498
-0.268290
0.056187
0.204106
-0.962803
0.789650
-0.075025
-0.040992
-0.265896
-0.366791
-0.343627
0.330515
0.775898
-0.022639
0.691845
-0.030367
-0.212002
0.077565
-0.058459
-0.272150
0.013674
0.096738
-0.242728
1.252697
0.014124
-0.431914
0.003296
-0.238823
-0.134317
-0.081364
0.289678
0.089972
1.576764
0.744878
-0.111036
0.127147
0.568920
-0.110152
1.059972
0.274506
-0.074086
0.235772
0.034318
-0.066861
-0.134143
-0.024009
0.069386
0.190527
-0.057356
0.306628
-0.395436
-0.225867
-0.098839
0.202236
0.013937
-0.474331
0.984911
0.072036
-0.117047
0.026631
0.467913
-0.186279
0.632257
0.316537
-0.231221
-0.359616
-0.241489
0.128224
0.130189
0.789577
0.354201
-0.743926
-0.429430
0.343786
-0.526240
0.033647
0.449682
0.207423
0.318480
-0.161102
0.281341
-0.554747
0.192244
-0.992674
0.692373
-0.099759
-0.190494
-0.068176
0.410232
-0.147105
0.313227
-0.030080
-0.409596
0.047831
-0.352290
-0.135154
-0.094857
0.430113
0.568881
-0.569588
-0.258672
0.009231
0.215864
-0.585599
-0.148776
-0.105822
-0.287517
0.151270
-0.026527
-0.221931
-0.100715
0.059430
-0.409578
-0.904085
-0.078034
0.647606
-0.372278
0.005741
-0.199505
-0.113190
0.025433
-0.283714
0.208193
1.654443
0.714253
0.012010
0.072888
-1.149947
0.007719
0.130051
0.156372
-0.790746
-0.174235
-0.281037
-0.055018
-0.130574
-0.977534
0.256759
0.179430
0.101460
-0.217380
-0.177321
0.052924
-0.125028
0.141411
0.630219
0.540937
-0.097601
0.602986
-0.194176
0.273725
0.225423
0.037789
-0.001020
-0.069103
0.755269
-0.761165
0.063766
-0.270257
-0.023578
1.274578
-0.159274
-0.105713
-0.359440
-0.039583
-0.798403
0.271517
0.234533
-0.157535
0.397998
0.152491
-0.031211
0.073866
-0.262032
-0.038408
-0.206913
-0.071798
0.952106
-0.107598
0.105448
0.313752
-0.009466
-0.199518
0.644710
-0.544015
-0.721167
-0.748260
-0.153087
0.001870
-0.121633
0.011801
-0.027333
-0.240076
-0.011389
-0.062729
-0.234816
-0.044758
0.049444
-0.008832
0.023410
-0.642816
0.733194
-0.009578
-0.412152
0.164349
-0.042607
-0.138608
-0.277988
-0.596150
-0.240348
0.313367
0.165286
-0.066662
-0.260646
-0.185165
0.010500
0.520668
-0.132718
0.303356
0.326289
-0.432839
0.003868
-0.081932
0.423624
0.224785
-0.140373
-0.034711
0.380075
1.038270
-0.093594
-0.314425
-0.058941
1.407259
-0.157794
-0.096154
-0.027010
0.168769
0.188126
-0.027438
0.165460
0.207247
0.215904
0.099672
0.203744
0.549697
0.135594
-0.156538
-0.422840
-0.242369
-0.838840
0.470341
0.556403
-0.234476
0.095624
-0.000078
1.079409
-0.286049
0.014610
-0.289209
0.040246
0.131517
-0.034258
0.089046
-0.084286
-0.166257
0.035128
-0.002501
0.446733
-0.456817
0.337097
-0.446594
1.041390
0.409735
-0.179089
0.348452
0.176043
-0.191752
-0.050040
-0.067344
-0.643071
-0.196262
-0.018923
0.771828
-0.004973
-0.195329
-0.524642
0.317464
-0.261272
0.853946
0.072685
-0.706476
0.698356
-0.017484
-0.161644
-0.053782
-0.038250
-0.108478
-0.026892
-1.301749
-0.080538
0.261617
-0.327950
-0.465957
-0.228746
0.842675
0.017137
0.037438
0.478841
0.002846
-0.052293
0.042977
0.805030
0.227107
0.521882
-0.475607
-0.028017
1.676438
-0.018717
-0.030221
-0.320536
0.464676
0.135145
0.563686
-0.148655
-0.471527
-0.134499
-0.369826
-0.162946
0.343357
0.586972
-0.171554
-0.192938
-0.075764
0.015293
0.657219
-0.019183
-0.287352
-0.493327
0.800395
-0.063385
-0.032491
-0.234353
0.508051
0.082762
0.292775
0.001535
-0.200373
0.903896
-0.111103
-0.022883
-0.155817
-0.072253
-0.409155
-0.111051
-0.008573
-0.396130
0.423529
0.322316
0.586803
0.120971
0.025817
0.168613
-0.113149
0.279436
0.568857
0.015363
0.004464
-0.086810
0.563989
0.599571
-0.404622
1.063727
-0.117630
-0.028015
0.535418
0.035509
-0.232550
0.604280
0.005935
-0.004396
0.099038
-0.088145
-0.465348
0.113171
-0.587752
0.044778
0.845010
0.023802
-0.687396
0.032845
0.066606
-0.212703
0.152359
-0.180334
0.793740
0.007190
0.291908
0.156521
0.469599
-0.052914
-0.405466
-0.167389
0.376986
0.055464
0.055479
0.270108
0.741552
1.395185
0.939693
-0.178726
-0.007073
0.901815
0.033533
0.004883
-0.133712
0.003450
0.069497
0.035056
-0.212474
-0.064054
0.010903
-0.062828
-0.083561
-0.381793
0.612256
0.158342
-0.007038
-0.260456
-0.111728
-0.680707
0.121669
0.073772
-0.139069
-0.118602
-0.383021
-0.007503
-0.805760
-0.020092
0.142658
0.420521
0.246917
1.255819
0.903897
-0.115576
0.483467
-0.060172
-0.112652
0.007884
0.212427
-0.086371
0.432377
0.843325
-0.146446
-0.225209
0.071882
-0.113335
-0.017040
-0.511725
-0.105754
0.434986
-0.283457
-0.407897
-0.637164
0.279466
0.021047
-0.149995
0.049226
0.247996
0.065772
0.074155
0.757058
0.058526
0.459330
0.109176
1.018475
-0.473138
-0.194958
0.069804
0.411869
0.059015
-0.101175
0.109969
-0.368926
0.271365
-0.025059
-0.195889
-0.100549
0.426034
-0.070726
1.135680
-0.199045
-0.039302
-0.157466
-0.020236
-0.500633
1.033609
-0.003152
-0.126121
0.879176
-0.067552
1.220712
-0.257830
-0.105162
-0.643775
-0.033526
-0.243758
-0.330515
1.033789
-0.239883
0.695483
0.805864
-0.033146
-0.598864
-0.627467
0.325847
0.097529
1.001988
-0.163152
-0.076055
-0.043497
-0.159387
0.247497
0.863934
-0.053912
0.580265
-0.065404
-0.198323
0.035519
-0.182468
-0.002802
0.566544
-0.227806
0.044811
-0.270207
0.774943
1.069859
0.056814
0.434538
0.051061
-0.448969
0.056467
0.164665
-0.020473
-0.197196
-0.056173
0.008040
-0.168137
-0.777409
0.004310
-0.406304
0.417669
0.109689
-0.046891
0.007852
1.377452
0.487456
0.054076
0.249464
0.561767
0.095255
-0.240555
0.067326
0.060338
0.268931
-0.061141
0.009060
-0.002974
-0.462510
-0.142056
0.586978
-0.040739
0.397524
-0.020329
-0.189748
0.000478
0.145706
0.984459
0.015544
-0.008563
0.083791
0.351958
1.006052
0.352974
-0.236240
-0.102302
-0.226070
0.286645
-0.532260
-0.104942
-0.189332
-0.110385
-0.397793
-0.011909
-0.230824
0.537757
0.100781
0.075858
-0.192150
-0.083643
-0.176270
0.782419
0.193414
1.407713
-0.335272
0.285826
-0.524044
-0.057348
-0.140478
0.038566
0.017541
0.058676
0.334352
0.031237
0.097567
-0.059230
0.354428
-0.425529
0.161112
-0.620990
0.377283
-0.019416
-0.097211
0.882063
-0.294491
-0.433795
0.018671
-0.237499
-0.400785
0.094277
-0.112225
-0.046569
0.065777
-0.141159
-0.100059
-0.180003
-0.067660
-0.036392
0.280091
-0.080864
-0.132853
1.312275
0.738588
0.454699
-0.160956
0.385815
-0.361907
0.208431
0.617169
0.893817
0.318467
-0.035525
0.047003
-0.395059
0.028962
0.621030
-0.129566
-0.692720
-0.255422
-0.210007
0.053968
0.881236
0.104835
-0.147797
-0.095483
0.116893
0.776699
0.057057
-0.024453
0.082054
-0.091311
0.014273
0.663310
0.144225
0.009000
-0.666821
0.588275
0.716792
0.611732
0.011434
0.554243
-0.056294
0.500765
-0.210982
-0.201129
-0.307987
0.020859
-0.167551
0.410980
0.615375
0.459254
-0.522522
-0.141305
0.118564
-0.054207
-0.285844
-0.932696
-0.090489
0.519816
-0.255962
-0.029618
-0.254564
0.214246
-0.047992
-0.269484
-0.049222
0.277017
0.015364
0.045682
-0.734307
0.008842
-0.051446
-0.251055
0.529132
0.857432
0.528142
-0.024022
-0.205501
0.576113
-0.079019
0.604673
-0.467176
-0.198901
-0.185098
-0.426471
0.189292
-0.147146
1.558278
-0.669479
-0.288336
-0.294544
0.518883
1.201419
-0.806377
-0.185530
0.812074
-0.481660
-0.141000
0.006617
0.194124
-0.250635
0.070923
-0.452591
0.003690
-0.134989
0.005083
-0.117286
0.531322
0.100278
0.150983
0.010032
0.249707
0.250923
0.174948
0.238845
1.231635
0.010068
-0.114761
-0.350964
0.386851
0.702039
-0.097360
0.136751
-0.198861
-0.048192
0.074256
-0.256436
0.247613
0.027305
-0.088750
0.041407
-0.030991
-0.323188
0.115020
-0.156249
0.119159
0.364765
0.048886
-0.549350
0.001099
0.790282
-0.036420
-0.016930
-0.525487
-0.259687
-0.953770
-0.071727
0.585873
0.078413
1.020098
0.046343
-0.619741
-0.158227
0.427196
0.042215
-0.081155
0.044710
-0.422962
-0.075732
0.084287
1.160823
0.138148
0.334883
0.321675
0.071840
0.593142
1.235896
0.118906
-0.076930
-0.559078
-0.443247
0.049390
-0.297072
0.045989
0.092180
-0.138584
0.243919
0.297736
0.004650
1.368171
-0.819684
-0.107156
0.095766
-0.118177
-0.677515
-0.130822
0.667578
0.107362
0.716729
0.086902
-0.059623
0.368952
-0.039437
-0.212426
-0.846958
-0.002656
0.382600
0.345939
-0.273539
-0.327842
-0.213917
1.101797
-0.110084
-0.098322
-0.045194
0.051294
0.550122
0.372452
-0.169994
0.022090
0.163017
0.746179
0.437047
-0.011252
0.039357
-0.004780
0.974794
-0.486096
0.350914
1.111424
-0.136677
-0.000344
-0.101172
0.538952
-0.184944
1.013711
-0.086821
0.396702
-0.001798
0.124512
-0.433581
0.149995
1.115308
-0.194491
0.492062
0.927837
0.022064
-0.043385
-0.217078
0.282292
-0.671847
-0.361491
-0.589883
0.020944
1.045241
-0.573759
0.066204
0.040147
0.072146
0.916872
0.903650
0.009845
0.187158
-0.099490
-0.056290
0.732008
0.913424
0.045230
-0.116438
-0.461337
0.610994
0.021405
0.244900
-0.075280
1.027942
0.282278
0.529171
-0.550198
-0.664664
0.074306
0.097128
0.030512
0.419261
1.553891
-0.859110
-0.255645
0.310676
0.666620
0.007411
0.131896
0.108530
-0.157006
1.004693
-0.246414
-0.657017
0.087823
-0.004391
0.133655
0.952033
-0.037448
0.021327
-0.298641
0.654829
0.614824
0.811267
-0.488413
0.100047
0.422048
0.628826
0.643600
-0.705186
1.034252
-0.073027
-0.058597
0.404731
-0.897201
-0.093756
0.253503
0.156267
0.340907
0.506818
-0.542125
0.196122
0.562415
-0.053928
0.374762
-0.359767
0.825478
-0.045552
0.863304
-0.016945
-0.421422
0.048990
0.441036
-0.337626
-0.056472
0.365252
0.183230
0.429413
0.157808
-0.167944
-0.051335
0.450459
-0.040054
0.200023
0.117699
0.149157
0.410568
-0.270741
-0.187915
0.135722
-0.191387
-0.208742
0.169126
-0.371242
0.293095
0.609201
0.707228
0.401148
0.043287
0.188840
0.083021
-0.067713
0.021834
0.173956
-0.420378
0.169368
-0.278977
-0.047344
-0.008710
-0.453478
0.031893
0.571353
0.297870
-0.362109
-0.124329
0.388194
-0.164936
0.599322
0.587229
0.224788
-0.037515
-0.130999
0.209000
0.043867
0.171535
-0.032646
-0.343140
0.401312
0.110758
-0.139314
0.426670
0.126912
-0.022838
0.750644
0.762793
0.425312
0.021473
-0.464579
-0.061432
0.013613
-0.237735
0.014123
-0.413559
-0.067805
0.020490
-0.116300
-0.576170
-0.037204
0.574762
-0.883197
-0.182607
0.124761
0.193878
0.320502
-0.376710
-0.128824
0.359531
0.336490
-0.335222
-0.202923
-0.274406
0.166076
-0.528280
-0.654418
0.587913
0.482304
0.149740
0.092538
-0.074404
0.248602
-0.190739
-0.017859
-0.179878
-0.582503
-0.358921
0.027844
-0.249637
-1.341521
-0.369622
0.000875
0.349554
-0.175582
-0.407205
-0.142744
0.323035
-0.022233
0.321053
0.015588
0.594013
0.568104
0.768749
-0.269559
0.278950
-0.402942
-1.053348
0.731264
0.032516
0.674975
0.362856
-0.073592
0.036318
1.165679
0.188174
-0.285149
-0.017930
0.104807
-0.249422
-0.046465
-0.000293
0.512045
-0.094076
-0.395011
-0.212991
0.367635
0.255893
0.080692
-0.245114
-0.420610
-0.114472
0.307436
-0.005919
0.143903
0.322643
0.303492
-0.328646
-0.395565
0.321682
-0.179441
0.138945
-0.134467
-0.062470
-0.294953
-0.363698
0.679241
-0.119986
-0.165733
0.008545
0.123753
0.038090
0.569612
0.039342
0.257649
-0.033063
-0.059026
-0.172219
-0.075279
-0.110106
0.058569
0.760880
0.843489
0.015838
0.095508
1.486898
-0.473988
-0.055098
0.161256
-0.744304
-0.197003
-0.241019
0.041082
0.079236
-0.163954
-0.551451
-0.199861
0.029724
0.601203
-0.291028
0.139527
-0.499874
-0.014875
0.054481
-0.071192
0.013429
-0.867139
-0.388006
0.083610
-0.029323
0.129850
0.990161
-0.096660
-0.214694
-0.262938
-0.218510
-0.000207
-1.223465
-0.075378
0.178371
-0.338060
-0.014706
-0.178372
0.231610
0.308803
0.298971
0.188790
0.276869
-0.056433
-0.324539
0.707779
0.186072
-0.146601
0.024861
0.105133
0.209686
-0.134129
-0.140448
-0.015350
-0.203439
0.119832
0.117213
-0.140694
-0.554885
-0.170997
-0.434461
-0.054497
-0.079330
-0.155802
-0.722805
0.127479
-0.224152
0.560449
0.063900
-0.044401
0.046766
-0.052610
0.302788
-0.013244
0.042493
0.694012
-0.271571
-0.176252
0.208025
0.004118
-1.542247
-0.484046
-0.190833
-0.049009
0.019753
-0.213556
0.069296
-0.490198
-0.095030
-0.062526
0.311479
0.079320
0.465941
-0.123053
0.681419
-0.085303
0.224907
0.295945
0.423677
-0.370885
-0.325538
-0.205952
-0.119987
-0.142087
0.023376
-0.020079
0.288483
0.034911
-0.501944
0.562643
-0.177242
0.199400
-0.075381
0.116835
-0.169575
0.381057
0.815416
0.654232
-0.076988
-0.026672
0.332509
0.296730
0.668354
-0.110889
0.139620
0.799929
-0.017025
-0.096192
-0.595668
-0.071557
0.108551
0.198341
-0.483019
-0.702862
0.088653
-0.414791
0.009683
0.140453
-0.038987
0.401066
0.111470
-0.427187
-0.111013
0.020764
-0.318968
-0.052054
-0.169869
0.053967
0.021869
0.113128
-0.753748
-0.013706
0.225856
0.119003
0.050411
0.174903
0.065986
0.801243
-0.052901
0.436968
-0.358764
0.753543
0.067270
0.163256
-0.056022
-0.300963
0.608797
0.177454
0.087935
0.076007
0.252670
0.123960
-0.186632
-0.096790
-0.035030
-0.070211
-0.019737
-0.308790
-0.082694
0.153871
-0.046760
-0.031800
0.006932
-0.179906
0.165561
-0.886313
-0.077501
0.270072
0.332172
0.206042
0.204425
0.222702
-0.384289
-0.943225
-0.050241
-0.175711
-0.137201
-0.060096
-0.347549
0.743491
-0.029286
-0.099918
0.163608
-0.023227
0.006892
0.558058
0.579920
0.604392
-0.035099
0.110270
-0.051265
0.238219
-0.476356
0.396562
0.079438
-0.139001
-0.327000
2.206213
0.505736
0.235940
-0.450540
-0.939864
0.142041
0.040733
0.150816
1.024175
0.193721
0.524537
0.096741
-0.163774
-0.010334
-0.213931
-0.020659
0.379375
0.241732
0.163900
-0.203108
-0.112227
0.041147
0.501706
0.043545
0.282078
-0.062264
1.079371
0.436886
0.615304
0.389567
-0.397157
0.379635
1.021413
-0.514971
0.792914
0.649813
-0.091556
-0.244193
0.057548
-0.058060
0.026058
-0.730442
0.512290
0.302570
0.384948
0.006034
-0.122543
0.006711
0.113818
-0.549944
0.113056
0.449873
0.279551
0.598916
-0.076368
-0.063724
-0.270238
-0.522395
0.112130
0.856020
-0.377896
0.062790
0.311697
-0.223718
-0.754048
0.176950
0.044781
-0.666864
0.126521
0.314707
0.078183
-0.233888
0.111887
0.199968
0.218304
0.102848
0.002294
-0.038770
-1.106927
-0.250155
-0.082110
-0.278489
0.040476
-0.340992
-0.184076
-0.117805
-0.236748
-0.117948
-0.589026
-0.083775
-0.005428
0.035232
-0.137569
0.311169
0.099719
0.599149
0.931276
0.263014
-0.077891
0.740283
0.018945
0.488974
0.178566
0.134119
-0.241334
-0.053901
1.011970
0.178941
-0.013680
0.385527
-0.072666
-0.008984
-0.058915
-0.063747
-0.023173
0.260372
-0.104520
0.084224
-0.261431
0.135456
-0.274155
-0.253724
-0.309175
0.015436
0.078197
0.359080
-0.027324
0.350994
0.118921
-0.484600
-0.343466
0.348209
-0.216740
0.101623
-0.091536
0.413709
0.619786
0.138168
-0.388128
0.672845
-0.184860
0.361226
0.078876
0.177973
-0.262135
-0.087046
0.014564
-0.238041
0.087226
0.709006
-0.012015
0.007489
0.263615
-0.079383
1.142996
-0.355625
0.748258
0.224508
-0.189638
0.217224
0.194794
0.624681
0.491585
-0.314643
0.818109
-0.217084
-0.302431
-0.426786
-0.387253
0.583732
0.172162
0.201346
0.080891
0.532359
-0.278843
0.061933
0.717274
-0.130383
-0.436071
-0.349012
-0.323168
-0.015858
0.439549
-0.026803
-0.105034
0.173636
0.049583
-0.127595
-0.075001
-0.253307
-0.190496
-0.157058
-0.120322
-0.116510
-0.093565
-0.039567
-0.235150
-0.062179
0.088906
-0.115999
-0.481508
-0.932412
-0.144794
0.446824
0.100438
0.519742
0.000276
-0.218496
-0.248272
0.402645
0.019367
0.037907
-0.172462
0.535867
0.246714
-0.120149
0.050458
-0.136455
-0.374688
-0.502896
-1.119214
0.012583
0.015618
-0.474276
-0.358654
0.349411
-0.052339
-0.081698
-0.103015
0.681771
0.169537
0.581360
0.071453
0.108423
-0.293551
0.528564
-0.090628
0.127753
-0.065130
-0.506987
-0.218928
-0.600946
-0.115291
-0.158621
0.146351
0.784721
-0.209164
-0.098412
0.208647
0.249615
0.247545
-0.384126
0.178316
0.717662
-0.324189
0.110144
-0.136385
-0.209429
-0.058978
-0.281201
1.224199
-0.012580
-0.058291
0.107508
0.941488
-0.181370
-0.275719
0.000490
-0.027185
0.038828
-0.338135
-0.123148
-0.453276
0.939307
0.730501
-0.225629
-0.522831
0.190888
-0.359006
0.343216
0.468424
0.058934
-0.282382
0.018120
0.030018
0.068654
-0.212311
-0.135244
0.190099
-0.364188
0.162697
0.308059
-0.054928
0.294181
-0.975151
0.029261
0.008669
1.334550
0.043403
-0.356133
0.519306
0.336815
0.101751
-0.339881
0.074360
-0.160617
0.169308
0.026611
0.087736
-0.026453
0.293443
-0.114003
0.019886
-0.634804
-0.639647
-0.049356
-0.150241
0.406688
0.251606
0.371990
-1.131640
0.360177
0.675162
0.060254
-0.685413
0.594332
-0.022627
-0.331829
-0.381041
-0.268943
-0.318596
0.046819
0.097892
-0.342612
0.013402
-0.798086
-0.059675
-0.048889
-0.121194
-0.113870
-0.141826
-0.108233
-0.768320
-0.321265
0.867977
-1.022702
0.107319
0.776915
1.091746
0.039542
0.142185
0.064413
-0.194705
-0.738785
0.502021
0.494978
-0.192277
1.395659
-0.037038
0.084793
-0.029675
0.435236
-0.813291
-0.224570
0.258327
0.004748
0.020546
-0.037587
1.006734
0.011648
-0.092620
0.333217
-0.181640
-0.200653
0.471261
0.564189
-0.074757
0.466188
-0.944353
0.797511
0.171589
-0.465775
0.089098
0.006065
0.515707
-1.143309
0.227813
-0.874812
0.511161
0.171208
0.169560
-0.174435
0.272473
0.145753
0.041210
0.261691
-0.474120
-1.146118
0.034965
0.601293
0.037551
-0.393289
0.999648
-0.536383
0.269213
-0.361732
0.186345
-0.280779
-0.006653
-0.460232
-0.295593
0.001601
-0.311092
-0.214402
-0.537675
0.104247
0.331776
-0.006432
0.616728
0.059444
-0.182488
0.208681
0.309265
0.169683
-0.806139
-0.003415
0.347994
0.524362
0.267493
-0.064300
-0.007965
0.297615
0.132393
-0.007261
-0.142847
0.031232
-0.223911
-0.155814
-0.018583
0.041953
-0.926995
0.159313
0.146252
0.604483
-0.230256
-0.001474
-0.407766
-0.035703
0.659300
0.440826
-0.231987
-0.060924
0.348228
0.220311
-0.188175
-0.200636
-0.015550
-0.195156
0.117830
0.141687
-0.870940
-0.424997
0.111396
-0.199085
0.336811
-0.046401
0.261399
-0.067199
-0.225798
-0.513476
-0.262050
-0.459285
0.118398
-0.526279
0.220448
0.047624
0.058484
-0.074637
-0.389627
0.583824
-0.091874
-0.293729
0.153426
-0.072409
-0.369209
-0.216930
-0.303831
-0.211364
-0.306257
-0.571390
0.398786
-0.393858
0.201019
0.606573
0.109473
-1.377032
0.429693
-0.727382
-0.041073
0.142715
0.013782
-0.000220
-0.043825
-0.231989
0.222728
0.236362
-0.451114
-0.262087
-0.594912
-0.134809
-1.072898
-0.714591
-0.162495
-0.178739
-0.260398
-0.573621
-0.185087
-0.338689
0.319659
-0.425115
-0.395162
0.499900
0.246964
0.237598
1.067255
0.042417
1.016914
0.573455
-0.205919
0.021503
0.201381
0.380848
0.359445
-0.149936
-0.185322
0.049646
-0.010889
0.109941
-0.065717
0.091155
-0.048399
-0.524653
0.247794
-0.256921
-0.426993
-1.119479
0.124372
0.463201
-0.279900
-0.127987
-0.331753
0.302685
0.426702
0.106321
-0.280365
0.542651
0.405548
0.589975
0.598722
-0.378456
-0.377572
0.423520
-0.139265
-0.338810
0.954126
0.290965
0.545090
-0.142166
-0.212885
-0.250574
0.595732
0.287315
-0.056382
0.241097
0.123864
-0.534998
0.145632
-1.313430
0.803468
0.836999
1.029956
0.003218
0.230599
0.711230
-0.273358
-0.283300
-0.022238
-0.545738
-0.321224
-0.247421
0.040466
-0.333210
0.281977
-0.674438
-0.199461
-0.009142
-0.087918
0.396264
-0.133174
-0.063834
0.589435
-0.869927
0.055361
-0.454085
-0.522205
0.549099
-0.324169
0.010272
-0.046805
0.602836
-0.163580
-0.153104
0.116894
0.253873
-0.063628
-1.156216
0.002268
-0.094178
-0.368170
-0.087520
0.047721
-0.140728
-0.222971
0.378745
-0.120275
-0.811391
-0.027784
0.023316
-0.185779
-0.463544
0.015482
-0.049145
-0.077512
0.095870
0.108317
-1.290714
-0.129224
0.108905
-0.589749
1.038805
0.043353
-0.050160
-0.173738
-0.136864
-0.155574
0.116145
-0.220552
-0.513031
-0.033359
0.202443
0.011699
-0.699196
-0.503919
-0.126850
-0.063180
-0.179352
-0.090230
0.102775
-0.163512
-0.098873
0.253189
-0.336820
-0.242528
-0.500826
-0.810354
-0.822927
0.014407
-0.032415
0.543615
0.022376
0.677215
-0.012865
0.028868
0.749527
-0.096533
-0.666195
0.738624
0.599001
0.376395
-0.052335
-0.272263
-0.109438
-0.726929
-0.313839
-0.273279
-0.109241
-0.066866
0.108440
0.020037
0.342226
0.235488
0.337927
0.541996
-0.173568
-0.062701
0.014971
-0.101534
0.027043
0.547591
-1.151432
0.920619
-0.290360
0.102457
0.294739
-0.488510
1.338073
0.035390
0.167170
0.979378
-0.106520
-0.158512
0.446819
0.076612
-0.262220
0.224331
-0.308827
-0.367129
0.241161
0.519181
-0.289418
-0.109714
-0.008311
-0.400818
0.125110
-0.014582
0.239937
0.322414
0.072978
0.233084
-0.074260
-0.680939
0.164590
-0.023176
0.250762
0.540655
-0.165568
-0.296058
0.046364
0.888151
-0.119001
-0.066438
-0.150947
-0.127657
-0.435991
-0.462544
-0.043992
-0.332807
0.292077
-0.364076
0.269559
0.042602
0.240428
-0.097637
0.466239
-0.594976
0.344906
-0.161568
-0.291465
-0.369497
0.014785
-0.083174
0.037414
0.178439
0.425469
-0.136604
-0.151148
-0.213350
0.290181
-0.277828
-1.199042
-0.056504
-0.948941
-1.064967
-0.145846
-0.340133
0.501323
-0.387913
-0.100786
0.507942
-0.051490
-0.368524
-0.382270
1.029318
0.454397
0.251236
-0.062978
0.235194
0.085432
0.362282
-0.328017
0.854577
-0.554708
-0.132735
0.016411
0.000704
0.590554
0.728867
-0.022175
0.299717
-0.355476
1.410460
-0.749247
0.004983
-0.059021
-0.496213
0.030323
-0.015848
-0.147272
-0.903455
0.099723
0.413837
0.204922
-0.080295
0.058677
-0.177652
0.020893
0.262834
-0.342248
-0.045994
-0.175513
-0.843086
0.206418
0.453983
-0.121968
-0.490036
-0.024962
-0.420662
-0.289745
-1.322584
-0.172724
-0.148818
-0.027043
-0.897032
0.109470
-0.115826
0.451621
0.050344
-0.487392
0.276754
0.164840
-0.057396
-0.756067
-0.793308
0.308176
0.050728
0.016863
-0.766807
0.843542
0.799956
0.317588
0.115607
0.217132
-0.002387
-0.819743
-0.073232
-0.016751
-0.441136
-0.655197
0.331115
0.182084
-0.117347
0.009315
1.556504
-1.060092
0.120217
-0.912251
0.080310
-0.054860
-0.036162
-0.180193
-0.053825
-0.766989
-0.012188
0.166081
0.190399
1.080438
-0.090138
-0.020418
-0.859347
0.205101
-0.127639
-0.194645
-0.216374
0.110658
0.114833
-0.134632
-0.221307
-0.185755
0.429602
0.111802
0.401265
0.192159
0.065381
0.363398
-0.093474
1.137911
0.577678
0.426225
-0.172871
-0.153889
-0.390720
0.424335
0.088380
0.129985
-0.204898
-0.196608
0.858814
-0.140332
-0.059799
0.637687
0.479052
0.001391
0.158676
0.052016
0.050230
-1.143638
-0.100813
0.041361
-1.047612
0.186446
0.290177
-0.063152
-0.354071
-0.032784
-0.411422
-0.237247
-0.000750
0.023228
0.103495
0.742819
0.051294
0.883694
0.054604
-0.191027
-0.021542
-0.641184
0.967755
-0.184689
-0.755207
-0.085007
0.901525
0.295601
-0.528455
0.363939
-0.663690
0.359626
0.047096
0.054472
-0.065349
-1.069488
-0.022667
-0.138034
0.467171
0.331432
1.074136
-0.440385
0.348340
-0.244283
-0.388800
-0.044308
-0.930304
-0.900929
-0.203213
0.272986
0.295172
0.335763
0.556719
-0.346254
-0.495963
-0.570857
-0.084515
0.380865
-1.140192
0.832365
-0.338356
-0.145173
-0.948648
0.292584
-0.264633
-0.114567
-0.177278
0.096985
-0.190295
0.045695
-0.057275
-0.235157
0.078374
-0.138587
0.201092
0.389315
-0.071800
-0.201905
0.788744
-0.709909
0.332106
0.706517
0.358364
0.010763
-0.226921
-0.369870
0.406378
-0.304602
-0.094629
-0.503411
-0.119542
0.205682
-0.033857
0.012909
-0.207900
0.772365
-0.145754
-0.252029
-0.161810
0.022921
0.011175
-0.096331
-0.835646
-0.140138
-0.253662
0.195086
-1.148388
0.044851
0.418211
-0.463426
-0.339502
-0.887913
0.210995
0.642914
0.367692
1.001468
-0.123605
-0.104962
-0.165074
0.683692
-0.080898
0.268378
0.111956
0.756347
0.078549
0.217799
0.389551
-0.307641
0.270645
-0.085984
-0.113553
0.584904
-0.759136
-0.051334
0.270100
-0.896402
0.444862
-0.122192
-0.359791
-0.488793
-0.060998
-0.048259
-0.025041
-0.171967
-0.076164
-0.397638
1.175077
-0.799911
-0.016055
0.361794
-0.575791
-0.016788
0.550077
-0.403690
0.337479
-0.047967
0.170187
0.004776
0.214063
-1.822369
0.724157
0.285317
-0.177929
0.265764
-0.271503
-0.712735
-0.597692
-0.336920
-0.482331
0.064924
-0.063469
-0.025432
-0.209067
-0.124066
0.280871
0.010439
-0.074771
0.155936
-0.216948
-0.099519
0.001072
-0.005113
-0.149717
-0.965884
-0.156246
0.234737
0.207189
0.028261
0.283476
-0.052694
-0.185243
0.164254
0.070111
-0.240976
0.031864
-0.119251
-0.052445
0.126095
0.563923
-0.039158
-1.099032
0.465453
-0.167838
-0.856818
0.027756
-0.208380
-0.051380
-0.303199
0.854449
-0.108375
-0.228313
-0.360393
-0.045544
-0.412292
-0.243756
0.037847
-0.400481
-0.048922
0.000345
1.500388
-0.061773
-0.466562
0.344703
0.036918
0.079507
0.210157
-0.026354
0.286926
0.334069
0.719706
-0.245673
-0.591410
-0.113353
-0.203900
-0.183596
-0.076039
0.018801
0.055790
-0.307977
-0.741797
0.090965
-0.044745
0.388493
0.423094
-0.097916
0.031095
-0.045180
0.177240
-0.442350
-0.140819
-0.246426
-0.058936
-0.195795
-0.116277
-0.687695
-0.005696
-0.052577
-0.077298
-0.151884
-0.135562
-0.054447
-0.009631
0.165261
-0.010319
0.113112
-0.453979
0.736065
-0.492845
0.307122
0.034746
-0.038293
1.141702
-0.340237
0.250034
-0.142701
-0.547847
0.093009
-0.007098
0.153362
-0.281578
-0.004082
-0.049502
0.212527
0.654128
-0.012612
-0.497548
-0.052402
0.703622
-0.327576
0.010373
-0.112088
0.133536
0.638701
-0.551778
0.068823
-0.258539
0.323511
0.366303
0.020228
0.066033
0.022707
0.070437
-0.178070
-0.063564
-0.254750
-0.220400
-0.086345
-0.034117
-0.322843
-0.051137
0.885492
0.202233
0.085708
0.724751
-0.247847
-0.020546
-0.185568
-0.086880
0.051751
0.148755
0.144345
0.231991
0.306297
0.097252
0.020303
-0.077987
1.490479
0.533485
0.084361
-0.501616
-0.074833
-0.038859
-0.100887
-0.005347
-0.236138
-0.103344
-0.270021
0.191199
-0.170087
0.299897
-0.061935
-0.184428
0.137163
-0.400225
0.362926
0.011535
-0.572478
-0.168608
-0.016774
0.044906
-0.232956
0.446641
-0.156806
0.153286
0.025183
-0.971580
0.012930
-0.188978
0.002212
-0.622589
-0.008706
-0.000772
-0.031235
0.527239
-0.250909
-0.746614
-0.081815
-0.347973
-0.270489
0.484628
-0.538484
0.238404
0.162623
-0.271773
0.211986
1.224147
0.245116
-0.421015
-0.025435
0.049871
-0.308080
-0.109755
-0.397582
0.030527
-0.022435
-0.218996
-0.041619
-0.230120
-0.216634
-0.148466
-0.015151
0.928834
0.110598
0.223347
0.719165
-0.397532
0.138425
-0.025159
0.330669
1.258311
-0.117359
-0.615765
0.217920
-0.213375
-0.209892
-0.042350
0.032497
0.278127
-0.374531
-0.029347
-0.127085
0.935712
-1.184616
0.083496
0.103636
-0.618615
-0.042477
0.083826
-0.109249
0.014069
0.538196
-0.056456
-0.272633
0.714148
-0.199715
0.959418
-0.227721
0.557131
0.827661
0.229678
0.123930
-0.600300
0.022620
-0.016954
0.565171
0.031579
-0.076885
-0.135701
-0.841024
-0.554823
0.099924
0.012577
-0.117913
0.297550
0.698756
-0.107462
1.112656
-0.021999
-0.012489
0.103541
-0.289439
0.357510
-0.309589
0.778861
-0.374549
0.318689
-0.261706
-0.077161
0.059632
-0.161281
-0.062509
0.020224
-0.083824
1.285688
-0.081196
0.354841
-0.294855
0.030579
0.127848
-0.991811
0.440949
0.664668
0.065952
0.368017
0.535675
-0.099231
0.004385
-0.050919
0.093643
1.067412
0.360926
-0.032598
-0.274999
-0.218687
0.346260
0.310921
0.088709
0.127139
0.208140
0.759729
0.813737
-0.135807
0.133175
0.076190
0.160939
-0.074097
-0.357564
0.463670
-0.284261
-0.150675
-0.007415
1.397472
-0.071727
-0.115574
-0.066878
0.013333
-0.046944
0.372306
0.391719
-0.475665
-0.128786
0.568330
-0.052599
0.033273
0.075952
0.364250
-0.072124
0.272365
0.063407
-0.064579
-0.060423
0.023108
0.117767
-0.057970
-0.456750
-1.282932
-0.046979
0.693832
0.232215
0.253326
0.016997
-0.071849
0.106575
0.502941
-0.206764
-0.333587
-0.565490
0.623510
0.730214
0.103714
0.189587
0.283544
-0.050553
-0.102772
0.268838
-0.051524
0.127583
-0.052106
0.018016
0.170576
0.535688
0.291827
0.072348
0.029370
-0.221882
-0.035501
-0.011855
0.049134
-0.148484
-0.258847
0.086073
0.645474
-0.481733
-0.008403
-0.201599
0.111888
-0.580766
-0.321867
0.518013
-0.273215
0.277872
-0.105068
0.022023
0.007726
-0.019488
0.008616
-0.388565
-0.506920
-0.504046
0.164025
0.336621
-0.157991
0.136645
-0.087835
0.006112
-0.756311
-0.464683
0.340772
0.087339
0.403017
0.175181
0.064234
0.359380
0.032952
-0.448207
-0.083334
0.013459
-0.606132
-0.353391
-0.429277
-0.031051
0.056501
0.291208
0.275536
-0.020535
0.116041
0.743643
-0.117348
-0.036500
0.014272
-0.012707
-0.006130
-0.085519
-0.014470
-0.036019
0.037216
0.463400
-0.137103
-0.052283
0.223892
-0.359015
0.488439
-0.188186
-0.025080
0.082476
-0.062659
-0.193525
-0.032324
-0.069772
0.269027
0.187685
-0.050439
-0.068277
-0.181223
-0.284334
-0.536433
-0.163268
-0.364983
-0.172963
0.186588
0.594992
0.055966
-0.370586
-0.642049
-0.248972
0.023076
0.934621
0.096376
-0.013652
-0.024678
0.032135
-0.033485
0.661627
-0.116445
-0.244710
0.851217
-0.126603
-0.239419
-0.031997
-0.015305
-0.206903
-0.239675
0.448725
-0.203491
-0.114998
-0.077230
0.704507
0.957075
-0.213337
-0.283186
0.077285
-0.128874
-0.179457
-0.204978
-0.600032
0.138276
-0.263468
0.248941
0.232263
-0.206634
0.391513
0.013327
-0.239132
0.045488
-0.533137
0.394493
-0.261641
0.267388
0.680820
-0.037722
0.302563
-0.128074
-0.021658
0.131124
0.101257
-0.247004
-0.245958
-0.090009
0.266526
0.025096
-0.026373
-0.009226
-0.266310
0.483785
0.015605
-0.102046
0.548691
-0.205305
-0.288487
0.035439
-0.021467
-0.139736
-0.665790
-0.173720
0.340670
-0.320634
0.770412
-0.048837
-0.176629
0.587375
0.063796
-0.769473
-0.155195
0.748618
-0.007616
-0.026005
0.049116
-0.812083
-0.691413
-0.818982
-0.049901
-0.169615
0.030162
0.122639
-0.639026
0.193179
-0.024295
-0.327268
0.082062
0.292978
-0.269240
0.158050
0.792922
1.271777
0.086707
-0.455103
0.433718
0.030500
0.030381
0.342788
0.224922
0.478031
-0.004253
0.695904
0.446891
0.004943
-0.178845
0.271828
0.034603
-0.280131
-0.165900
0.659856
0.051073
0.002138
0.686991
-0.167719
0.494758
-0.399879
0.062687
-0.548667
0.037493
-0.269611
0.085291
-0.314629
-0.081642
0.031943
-0.143505
-0.082715
-0.092852
0.093231
0.049890
-0.379894
0.322793
-0.151462
0.005001
-0.670800
-0.112924
-0.074809
0.092478
-0.053055
0.053900
0.357208
-0.196818
-0.039616
-0.078444
-0.395930
-0.393978
0.002147
-0.338578
-0.035491
-0.007214
0.729086
-0.625141
-0.346660
0.299689
-0.020924
-0.228737
-0.267572
-0.081206
0.014922
-0.046716
0.164665
0.020224
-0.059335
0.140788
0.369207
-0.834930
0.007066
-0.098211
-0.081040
-0.043087
-0.072215
-0.385363
-0.292638
0.696189
0.090578
-0.034471
-0.057768
-0.258234
-0.442827
0.747615
-0.151972
-0.185260
-0.233875
-0.056387
-0.363857
0.012707
-0.048665
-0.253920
0.289108
-0.501177
0.569915
-0.000967
-0.290470
0.235504
0.015262
0.515815
-0.582793
0.085045
-0.071572
-0.319941
0.013283
0.085153
-0.878438
0.456341
-0.719867
-0.231980
-0.193694
0.002297
-0.339352
-0.024111
-0.165881
0.299700
0.179115
0.565098
0.190178
0.365401
-0.040539
0.288890
0.022020
-0.081920
-0.174206
-0.020431
0.424234
-0.133533
-0.374025
0.041995
0.039728
0.326222
0.256833
-0.451802
-0.543667
-0.066610
-0.077051
0.338327
0.184156
0.070030
-0.149619
-0.113893
0.049675
-0.039381
0.837061
-0.090793
0.173104
0.676619
-0.771517
-0.005491
-0.177797
-0.046283
-0.076489
0.230662
-0.174209
0.181110
0.052049
0.938058
-0.199890
1.350981
-0.047759
0.196839
0.192269
0.188937
-0.254595
0.099436
-0.750647
-0.495567
0.736405
0.017949
0.753225
0.254327
0.227025
-0.080563
-0.021793
-0.029913
0.215201
0.003335
0.251719
-0.170748
0.588230
-0.136687
0.120002
-0.071586
-0.318065
0.826694
-0.249244
-0.106391
0.616227
0.229893
0.214512
-0.227363
-0.106019
0.101309
-0.175562
-0.296625
-0.040364
-0.023260
-0.586432
-0.336365
0.672337
-0.012941
-0.001439
-0.198952
0.294108
-0.069010
0.327188
-0.194671
-0.110008
-0.123527
-0.387486
-0.248153
-0.207800
-0.824165
-0.027135
-0.012700
-1.073949
-0.049305
0.008971
0.329203
-0.856643
0.011271
-0.035942
-0.018059
0.271115
-0.188177
-0.166832
-0.074151
0.099770
-0.060462
-0.149187
0.353228
-0.178332
0.050724
0.045111
0.274655
-0.609794
-0.171494
-0.981910
0.154992
-0.403137
0.035538
-0.195380
0.223434
0.012880
0.200965
-0.098272
0.018792
-0.069321
-0.274772
-0.379063
-0.201042
0.960992
-0.247261
-0.470324
0.905032
0.192371
-0.016250
-0.254222
0.638436
0.153681
0.170447
0.469708
1.174131
0.096920
-0.062165
0.772338
-0.093600
-1.083284
-0.175596
-0.151537
-0.055892
-0.389934
-0.012334
0.080122
-0.516076
-0.014170
-0.175520
-0.714165
0.644580
-0.167589
-0.805368
-0.182341
0.406466
0.145122
-0.344558
0.762891
0.625927
-0.168442
-0.133607
0.025604
-0.349507
0.716810
0.749256
0.499669
-0.538855
1.025809
0.150102
0.105220
-0.067892
0.685316
-0.008493
-0.003736
-0.732267
-0.257784
-0.049504
-0.091228
1.028866
-0.004704
0.027199
0.091732
0.804185
-0.234773
-0.549230
0.831136
-0.133619
0.699966
-0.130102
0.652609
-0.483909
-0.318523
-0.007704
0.029929
-0.842174
-0.705788
0.442942
-0.432322
0.630912
-0.187406
-0.352930
-0.493997
-0.681448
0.041150
-0.020603
-0.163463
-0.285488
0.007440
-0.069502
-0.799193
-0.046032
-0.383692
0.919321
0.159611
0.883583
-0.522827
0.298684
-0.069205
-0.244661
0.642791
-0.472725
0.019176
0.431493
0.070434
0.256999
-0.093725
0.242133
0.061462
-0.572350
0.146187
0.046211
0.308510
0.212483
0.226647
-0.536294
0.108094
0.053020
-0.412514
0.064617
0.136438
-0.209770
-0.121355
0.038473
0.022063
-0.022829
-0.059223
-0.149198
0.539079
0.051910
0.017562
-1.001067
-0.234030
-0.360019
0.584609
-0.414009
0.090733
0.043844
0.353842
0.331379
0.097521
0.184860
-0.218463
0.056638
0.283696
-0.408652
0.031090
-0.076212
-0.252597
0.025351
-0.022151
0.408001
0.182138
-0.133101
0.068815
-0.469840
-1.507668
0.246257
0.044107
-0.338254
-0.150213
-0.078051
0.191475
0.001735
-0.682575
-0.005032
0.090486
0.086071
0.157860
-0.059611
0.356053
0.255703
0.615936
-0.272454
-0.285768
0.300348
-0.530996
-0.377565
-0.264180
-0.537565
0.035082
0.631081
-0.127850
-0.084043
0.441793
0.668145
-0.225193
-0.631291
-0.151227
-0.066638
0.258511
-0.218152
-0.067412
0.094686
-0.042630
0.801627
-0.236327
0.116239
0.305034
0.068084
0.576071
-0.261665
-0.298081
-0.220661
-0.194501
-0.291261
0.495522
-0.022577
-0.122211
0.258523
-0.281382
0.390336
0.427886
-0.456555
-0.863262
-0.000330
0.036055
1.013068
-0.197425
-0.272026
-0.481672
-0.004209
0.642730
-0.672985
0.055301
-0.178475
0.065802
-0.050755
-0.122987
0.237836
0.284051
0.036895
-0.651772
0.007293
-0.314577
0.061154
-0.126820
0.029058
0.457016
-0.275995
0.235711
-0.287403
-0.147572
0.055003
0.379300
-0.560652
0.273104
-0.716031
-0.774343
0.608966
-0.092174
-0.201098
0.354292
0.121356
-0.659866
0.935947
0.445743
0.569267
-0.152404
-0.386909
0.060090
-0.126805
0.230693
-0.052280
0.240759
0.044648
-0.222590
-0.053638
-0.907349
0.220929
-0.395561
0.876957
0.039029
-0.063473
-0.385347
-0.403894
-0.052884
-0.018251
-1.166634
-0.122622
-0.063898
-0.031498
0.233838
0.118461
-0.264423
-0.359616
0.043421
0.182029
0.549866
-0.139981
-0.134440
0.565777
0.041410
0.159604
-0.558568
-0.117594
0.444798
0.172735
-0.065294
-0.071889
-0.465448
0.115413
0.227729
-0.289482
0.348944
0.084444
-0.777608
0.021266
0.062921
-0.327927
-0.096773
-0.001016
-0.854321
-0.124221
0.810915
-0.205142
0.000664
-0.007257
-0.760782
-0.337814
-0.073863
-0.179314
-0.062417
-0.051960
-0.164880
-0.159045
-0.617892
-0.049649
0.113195
0.142635
0.960221
0.041132
0.052289
0.077362
-0.331780
-0.026301
0.013169
0.076360
0.157500
0.010390
-0.334614
0.531283
-0.570499
-1.980305
-0.128814
-0.018895
-0.467861
0.022049
-0.036622
-1.097126
0.289654
0.244793
-0.076638
0.040194
0.542736
-1.582776
-0.825188
0.016041
-0.001489
0.468324
0.148940
0.748986
-0.196300
0.007306
0.587607
-0.211638
-0.080856
0.522103
0.878366
-0.001357
-0.532983
0.047379
-0.380228
-0.790936
-0.659290
0.077586
-0.595300
0.219840
0.092030
0.010086
0.280390
0.399674
0.084815
-0.169268
-0.087929
0.072702
0.108692
0.141797
0.082031
0.556967
0.532142
0.213176
-0.119256
-0.016291
1.070654
-0.604884
0.654843
0.535741
-0.338893
0.937319
0.201920
-0.029930
-0.361860
0.214858
-0.221285
0.009056
-0.377370
-0.936012
0.332717
0.744711
-0.632870
-0.789978
0.366811
-0.173197
0.292667
-0.291757
0.162510
0.059586
0.139703
-0.096903
-0.158712
-0.365590
-0.079630
0.056874
0.358988
0.767365
-0.027858
-0.378515
0.028645
0.571272
-0.343114
-0.323386
0.125216
0.003933
-0.063430
0.661519
-0.000744
-0.247898
0.494185
0.036768
0.422114
-0.450313
0.018891
-0.211931
-0.663870
0.359503
-0.585272
-0.014571
-0.015258
0.288628
0.079294
-0.014972
-0.011310
-0.110495
0.012560
-0.091584
0.136943
-0.516674
0.222377
0.551489
0.242398
-0.158026
-0.520529
0.436282
0.105270
0.641443
0.475292
-0.497910
-0.037486
0.054920
0.172965
-0.195937
-0.786834
-0.918706
0.323269
0.049226
0.070171
-0.238117
-0.070775
0.757952
-0.314733
0.739536
-0.410407
-0.171062
-0.111826
-0.372534
-0.497464
0.172668
-0.075940
0.085123
-0.170501
-1.313254
-0.628816
-0.470370
-0.286184
0.464854
-0.017793
-0.073116
0.168166
0.021837
0.313776
-0.475191
0.088701
-0.068830
-0.004904
-0.282331
0.050753
0.469695
-0.224357
-0.111356
-0.331746
-0.251169
0.130197
-0.064287
-0.007511
0.227659
0.243672
0.872113
-0.692618
-0.239884
0.485875
0.322181
-0.057958
0.029821
0.075390
-0.620541
-0.187486
0.119010
-0.441039
0.156167
-0.022892
-0.038305
-0.159992
0.025206
-0.474810
0.091015
0.074651
-0.969761
-0.373903
0.701305
-0.131586
-0.112320
0.489229
-0.458991
-0.339638
-0.162052
-0.027738
-0.265457
-0.324337
-0.040552
0.894378
-0.598460
-0.048197
1.158387
-0.277085
0.465638
-0.062622
0.115063
0.460075
-0.585378
0.005732
0.005659
-0.265304
-0.288409
0.278716
0.418455
1.131486
0.117341
-0.021769
-0.816671
0.546869
-0.179411
0.162413
-0.117102
-0.252398
0.036418
-0.209094
-0.750330
-0.071950
0.464640
0.054259
0.168935
-0.107682
0.041047
0.575316
0.122757
0.288720
0.304949
0.679689
0.522713
-1.069097
-0.187914
-0.426904
-0.101212
-0.055302
-0.674720
-0.527734
-0.568165
-0.017476
-0.022171
0.931166
0.551047
0.013364
-0.148404
0.016020
0.033674
-0.429983
-0.451241
-0.093363
0.454307
0.134445
0.621693
0.135588
-0.385047
-0.243365
-0.714174
0.074988
0.008323
0.122262
-0.192419
0.283067
0.461411
0.842512
0.005570
-0.478878
-0.048559
0.096893
0.947400
-0.062867
-0.546574
-0.543012
0.693481
0.609648
-0.264236
0.390740
-0.065039
-0.116186
0.100207
0.005911
-0.050005
0.743409
-0.010952
0.318257
0.792712
-0.040006
0.102107
0.010988
-0.503597
-0.100310
-0.507674
0.062126
-0.912483
0.343520
-0.485270
0.305692
-0.158343
-0.108431
0.525164
0.038363
0.314249
0.724400
0.506631
0.014338
-0.272367
1.071478
-0.020016
-0.249236
0.338323
0.137108
-0.356718
-0.358330
0.412818
0.069207
-0.252847
0.002532
0.165800
-0.029533
0.021436
-0.140156
0.095625
0.127795
0.004195
-0.309745
0.412183
0.163582
0.638561
0.344672
0.306866
0.165490
-0.618950
-0.179598
0.406421
0.955724
0.217250
-0.071923
-0.247749
-1.530023
-0.166977
0.072151
-0.236250
0.968109
0.020767
-0.172798
0.412457
-0.278468
-0.263010
0.152663
-0.743748
-0.085145
-0.341382
0.461297
-1.163686
0.025325
0.155262
-0.670885
-0.623441
1.154031
-0.041635
0.104618
0.271339
-0.219896
-0.151784
-0.901932
-0.352227
0.229760
-0.040755
-0.058330
0.257338
0.618931
-0.367320
-0.151841
-0.625225
0.191460
0.333642
-0.069223
0.045406
-1.192060
-0.644110
-0.126387
-0.819290
-0.886900
-0.015648
0.067233
0.155741
-0.539173
-0.292441
0.445081
-0.009654
-0.115238
-0.059448
-0.073834
0.695146
0.025750
-0.001171
0.062538
0.632650
0.574633
0.055632
-0.697117
-0.581481
-0.065016
-0.356465
0.259487
0.274435
0.037979
0.977206
0.230290
-0.327290
0.371607
-0.354919
0.593819
0.029566
-0.384330
0.192588
0.097070
-0.068037
-0.001896
-0.255919
-0.243728
0.272363
0.325320
-0.107579
-0.565609
-0.369535
-0.205363
0.706336
-0.035202
-0.003213
0.686883
-0.122611
0.388866
-0.129541
0.267282
0.335676
-0.349876
0.007896
0.294495
-0.295962
-0.212108
-0.030073
0.102259
0.477960
0.411465
0.589750
-0.289501
-0.128388
0.077938
-0.325864
-0.919796
0.046394
-0.182431
-0.237192
0.168339
0.482681
-0.042983
-0.429317
0.766161
-0.035406
-0.080794
-0.511196
0.671732
-0.137885
0.187532
-0.300425
0.566665
0.037957
-0.472329
0.280485
0.299489
-0.036585
-0.232978
-0.804373
0.030145
0.677548
0.279109
-0.402136
0.966642
0.146607
-0.473435
-0.487693
0.063884
-0.122954
-0.082287
0.819618
-0.006682
0.326710
-0.315470
0.473464
-1.613706
-0.045721
0.031004
0.134239
-1.046700
0.626779
0.143617
-0.284590
1.058608
0.034112
-0.040961
-0.364701
-0.005315
0.026854
-0.339753
-0.279932
-0.275442
0.420873
-0.159509
0.142974
0.428182
-1.009721
-0.074829
-0.277983
0.459775
0.289276
-0.018035
1.578863
1.257207
0.346133
1.395053
-0.053521
-0.453645
0.005259
-0.390582
0.108446
0.029213
0.020421
0.318147
0.577389
-1.096240
-0.030380
0.130402
0.176060
-0.287164
1.159693
-0.704162
0.265310
-0.108316
0.361816
0.294070
-0.144860
0.100196
0.284734
0.488658
0.061185
-0.244751
-0.264186
-0.056808
0.009394
-0.074141
-0.040236
0.084605
0.002371
0.099708
-0.210997
-0.347447
-0.579849
0.259950
-0.363359
-0.642695
0.331589
-0.059802
0.086401
0.115736
-0.007726
0.310831
0.028515
-0.015510
-0.156817
0.047480
-0.009829
-0.052858
0.850608
0.528376
-0.101070
0.480040
-0.247753
0.118910
0.031998
-0.093351
-0.902066
-0.808374
-0.041893
0.119965
0.347728
-0.563897
0.708993
0.004841
-0.054744
-0.065702
-0.359986
-0.207790
1.165095
-0.304836
-0.051368
0.036624
0.743962
0.892091
-0.360494
0.092725
-0.125883
-0.306118
0.131236
0.259454
0.072393
-0.203484
-0.155378
0.051377
0.024814
0.570361
0.201799
0.675357
0.351087
0.338808
0.321772
-0.149530
0.014225
-0.213935
0.061109
-0.108987
0.303932
0.702479
0.642903
-0.201176
-0.174704
-0.331371
1.138915
0.416835
0.325383
0.143208
0.030572
0.059430
0.162899
-0.025437
0.096257
-0.438681
-0.747807
-0.004212
0.074113
0.737329
0.576916
0.723923
-0.519132
-0.367379
0.663564
-0.035106
-0.317039
0.266573
0.280636
0.062978
0.447552
0.176234
-0.278915
-0.911718
-0.157391
0.499133
0.321307
-1.326799
1.351755
-0.271470
-0.393823
0.197331
-0.067811
0.391778
-0.102883
-0.054764
-0.152203
-0.085514
0.000816
-0.150969
0.199631
0.291666
0.076785
-0.265674
0.165118
-0.338848
-0.278793
-0.343015
-0.079454
-0.296372
-0.110870
0.080262
0.199229
0.063966
0.356802
-0.343932
0.387428
-0.223938
-0.188425
-0.188790
-0.712673
-0.040339
-0.116378
-0.741806
-0.047691
-0.327531
-1.224421
-0.593333
0.317711
0.445233
-0.072985
0.749950
-0.553068
0.093332
0.115514
0.011610
-0.054992
-0.607160
0.063641
1.271056
0.577165
0.527516
-1.148333
0.010458
-0.115935
0.612350
0.125975
-0.114405
-0.021546
-0.797121
0.053859
0.098936
0.062372
0.209168
0.094771
-0.462541
-0.180896
0.000832
0.150648
-0.350249
0.027068
-0.641603
0.274032
0.146793
-0.215087
0.167035
0.928715
0.006142
-0.193615
-0.005251
-0.085614
-0.343984
0.059468
0.570431
0.410976
0.052386
0.013811
0.381752
-0.008132
-0.086849
-0.186962
0.110268
0.102468
0.405395
0.937649
0.548025
0.016976
-0.505792
-0.263099
-0.712584
0.833481
-0.410383
0.192773
-0.236141
-0.454169
-0.013946
0.076953
-0.108059
0.568593
-0.243964
0.456647
-0.301546
0.684617
-0.544676
0.161665
-0.293372
-0.204810
0.172433
0.249602
-0.063525
-0.072168
0.799232
0.256386
0.533298
-1.074074
0.064531
-0.131737
0.251202
-0.055549
0.023481
0.549311
0.339053
-0.212992
0.028644
-0.067580
-0.460759
-0.429640
-0.211115
-0.080943
-0.061808
-0.356690
0.028844
-0.523122
-0.027888
0.065768
0.566944
0.292088
-0.335628
0.776271
-1.354071
0.232341
0.033943
0.427779
0.801185
-0.272167
-0.410752
0.621884
-0.141434
-0.039892
0.294546
0.009679
0.231607
0.382429
0.121414
-0.197165
-0.182591
-0.241315
0.063385
-0.001620
0.025600
-0.550028
0.325930
-0.442696
-0.283403
0.021850
-0.347281
0.116303
-0.912202
0.008475
0.188548
-0.797347
0.026966
0.102747
-0.301348
-0.033264
0.721912
-0.131195
-0.134014
-0.581935
-0.299801
-0.562662
-0.158777
1.079746
-0.077127
0.063483
-0.106910
-0.130939
0.120799
-0.068115
0.118456
-0.103611
0.158901
-0.732822
0.029752
0.016867
-0.465208
-0.270843
-0.205027
-0.222324
-0.006093
-0.099105
-0.350679
-0.062388
0.183278
0.033559
0.499465
-0.444677
0.120896
-0.181575
-0.345418
0.468323
-0.163787
-0.709930
-0.242346
0.153361
-0.024544
-0.113059
-0.271887
0.023736
0.241080
0.715682
0.026502
-0.149139
0.009257
-0.109465
0.382565
0.269449
-0.676539
0.666442
0.380341
0.499653
-0.442717
-0.328056
-0.246222
-0.359278
-0.310262
-0.129665
0.221488
-0.268206
0.343879
-0.006191
0.074614
-0.116773
-0.484681
0.158838
0.338311
-0.042915
0.043460
-0.179780
-0.106558
0.279183
0.586895
0.324210
-0.122952
0.156640
0.056808
0.053111
-0.665853
-0.240018
-0.031519
0.524539
-0.215147
0.942330
0.947797
0.493289
-0.047615
0.615535
0.068899
0.083190
-0.052304
-0.334622
-0.056192
0.186770
0.617445
-0.374135
0.016622
-0.102827
0.005289
0.550460
0.256795
0.047425
-0.070641
-0.137615
-0.309393
0.370128
0.159066
0.009811
-0.069366
0.096032
0.634514
-0.281933
-0.109716
-0.300348
-0.196521
-0.199571
-0.188107
-0.454153
0.367459
-0.082817
-0.379813
-0.116582
0.037605
-0.013939
-0.163262
0.040972
-0.749181
-0.234762
0.063706
-0.431104
-0.034057
0.029037
-0.179006
0.016960
0.528684
0.523362
-0.553189
0.285685
-0.005319
-0.105274
-0.152058
-0.207963
-0.054887
-0.124229
-0.013441
-0.404916
0.127864
0.043684
-0.308754
-0.113862
0.928664
-0.120621
0.092841
0.104921
0.834711
-0.235210
0.431412
0.345769
-1.070854
0.041825
0.121138
-0.950418
-0.195701
0.103329
0.253328
-0.329091
-0.123735
0.107934
-0.190053
-0.342139
-0.199966
0.059143
-0.122225
0.222489
0.219815
-0.152989
-0.205079
-0.043252
-0.108170
-1.030997
0.507581
-0.125113
0.198188
0.001545
-0.201173
0.102243
-0.132717
0.046268
0.298164
0.086229
-0.103209
0.182914
0.435914
-0.067738
-0.064488
0.100645
-0.012620
-0.037794
-0.286029
0.295004
-0.200131
0.074730
-0.199855
0.498308
0.474622
-0.254343
0.663021
-0.315104
-0.228799
0.034005
0.276054
0.073791
-0.240127
-0.113923
-0.606534
-0.002252
-0.154703
0.007831
-0.364855
0.697735
0.668388
0.663792
0.687067
-0.212724
-0.394720
-0.091065
0.331559
0.302934
0.092803
0.071454
0.365818
-0.013465
0.186585
-0.015278
0.106241
-0.488324
-0.292431
-0.051189
-0.361009
0.351563
0.638119
0.235645
-0.142347
0.740112
-0.103255
0.476441
0.366559
-0.312038
0.031738
-0.553444
0.751511
0.935544
0.222383
0.480106
0.144887
-0.158595
1.263702
0.023255
0.438992
-0.716600
-0.102341
-0.374475
-0.067088
-0.118844
0.020562
-0.099485
-0.044467
0.262694
0.138370
0.079113
0.583865
0.162384
0.170516
-0.056675
-0.062884
-0.842111
0.229988
0.498065
-0.748982
0.038745
0.059121
0.209488
0.208158
-0.068905
0.294866
0.459703
-0.200801
-0.043579
0.757028
-0.297674
0.431935
-0.021670
0.508047
0.023707
-0.074657
0.630889
0.517199
0.152844
0.096802
-1.136732
0.023105
-0.183799
-0.363154
0.542186
-0.066020
-0.292723
-0.581762
-0.332583
0.517121
-0.173344
-0.338442
0.234568
-1.270577
0.226989
1.243639
0.304803
-1.339796
-0.041398
-0.096903
-0.178717
-0.867926
0.357839
-0.014486
0.184738
-0.056166
0.202886
0.106771
0.079374
1.234981
-0.739183
0.494763
-0.310241
1.497227
-0.108509
0.580763
0.468215
-0.407556
-0.002548
-0.222021
-0.392029
-0.117995
-0.025782
0.066167
0.519961
-0.368175
0.069755
-0.070542
-0.737087
-0.076723
0.497311
0.591026
0.171639
-0.284643
-0.053853
0.246819
0.340205
-0.467506
0.864479
0.096520
-0.302327
0.646099
-0.180195
-0.576669
-0.021263
0.022255
0.208358
0.024884
0.076981
0.061743
0.178729
0.025595
-0.113134
0.421518
-0.001554
-0.380171
-0.446992
0.272858
0.768083
0.235214
-0.443481
0.723526
0.136071
-0.693411
-0.337313
-0.173011
-0.318645
-0.247952
0.075064
0.715735
0.345153
-0.256195
-0.264315
-0.160385
-0.241086
0.187437
-0.322944
0.080220
-0.491388
0.022831
-0.228374
0.991084
0.004475
-0.411940
-0.231200
-0.439781
-0.408979
-0.314972
-1.179737
-0.134369
-0.047699
-0.337724
-0.334106
-0.180037
0.148592
-0.229397
