300
1
0.000780
-0.000370
0.000358
0.002033
0.001945
0.000077
0.001381
0.000094
0.000642
0.002039
0.000980
0.000828
-0.001235
0.000218
0.000530
-0.000027
0.000435
0.000170
0.001380
0.000212
0.000774
0.000084
0.000606
0.001081
-0.000068
0.000885
0.000268
0.000809
0.000482
-0.000658
-0.000481
0.000566
0.000542
0.001692
-0.000132
0.001409
-0.000938
-0.000339
0.000947
0.000858
0.000792
-0.000115
0.001810
0.000935
-0.000164
-0.000272
0.000452
0.001822
0.000052
0.000343
-0.000109
0.001910
-0.000005
-0.000395
0.001286
0.001678
0.000741
-0.000063
0.000921
0.000509
0.003118
0.000163
0.000749
0.000582
0.000722
0.001572
0.000078
0.001809
-0.000269
0.000325
0.000238
0.001490
0.000237
0.000547
0.000308
-0.000119
0.001212
0.000614
0.002405
0.000142
0.000040
0.001010
0.000410
0.000968
0.000888
0.001012
0.001316
-0.000277
0.001522
0.000086
-0.000064
-0.000332
0.000455
0.000228
0.001994
-0.001049
0.001140
0.000764
0.002367
0.001097
-0.000045
0.001335
-0.000336
0.000579
0.000546
0.000032
0.000578
-0.000065
0.002273
0.000630
-0.000045
0.000537
-0.002398
0.000905
0.000035
-0.000561
0.002450
0.000361
0.000454
0.000119
0.000220
0.000219
-0.000588
0.001000
0.001344
0.000885
0.001098
0.001300
-0.000168
0.000303
0.000371
0.000591
0.001630
0.000387
0.002055
0.000190
0.000147
0.000821
0.001417
0.000692
0.000633
0.001846
0.001348
-0.000361
0.002681
0.000199
0.000297
0.002147
0.001849
0.001257
0.000567
0.000158
0.002351
0.000460
0.002049
0.000136
0.000320
0.000986
-0.000181
-0.000017
-0.000213
0.000155
-0.000001
0.001003
-0.000085
0.000226
-0.000160
-0.000064
0.000369
0.000613
-0.000091
0.000699
-0.000573
0.002134
0.002151
0.001085
-0.000247
-0.000482
-0.000120
0.000011
0.000181
0.000209
0.000624
0.000142
0.000681
0.001050
0.000580
0.000563
0.000106
0.000192
0.000317
0.000419
-0.000417
0.001135
0.000028
0.000717
-0.000045
0.000817
0.001964
0.001656
0.000896
0.000213
0.000184
0.000991
0.000350
0.000514
0.000625
0.000685
0.000541
0.000963
0.001756
0.000934
0.001910
0.000255
0.000618
0.000408
-0.000134
-0.000313
0.000664
0.001940
0.002647
0.000621
-0.000347
0.000818
0.000891
0.000239
0.000081
0.001636
0.002352
-0.000118
-0.000324
0.000719
0.002287
0.000317
-0.000058
0.000279
0.001920
-0.000842
0.001477
0.000342
-0.000001
-0.000149
0.001441
0.001212
0.000870
0.000378
0.001163
0.000197
-0.000014
0.000969
0.001166
0.001480
0.003928
0.001638
0.001038
0.000922
0.000439
0.000093
-0.000809
0.000130
0.000063
0.000010
0.001610
0.000526
0.000909
0.003834
0.000992
-0.000013
0.002386
0.002585
0.000304
-0.000154
0.002295
0.001363
0.000170
0.000317
0.001495
0.000412
0.002195
0.000290
0.000369
0.000311
0.000455
-0.000212
0.000227
0.001430
0.000055
-0.000194
0.000385
0.000080
0.000042
0.000092
0.000222
0.000266
-0.000022
0.000987
0.000531
-0.000042
0.000480
0.003546
