300
1
0.019028
0.005565
-0.007546
-0.000581
-0.002953
-0.001305
-0.010158
0.001250
-0.008199
0.019102
0.001229
-0.001300
0.030442
0.024489
0.009959
0.011539
0.025479
0.001463
-0.001716
-0.006373
-0.003458
0.011068
0.015665
0.020787
0.005648
-0.004206
0.051923
-0.006447
0.008910
-0.000407
-0.000129
0.005972
-0.024842
-0.000615
-0.000458
0.019749
0.009237
0.009247
0.008950
-0.007904
0.004343
0.001089
0.011862
-0.000189
0.001682
0.004316
0.000000
-0.000549
0.007650
0.000056
0.004193
0.000000
0.003565
0.002617
0.002592
0.004785
0.005598
0.006127
0.008569
0.013245
-0.003142
-0.000140
0.016994
-0.003333
0.018731
0.009077
0.005891
0.042404
0.000756
-0.004506
0.024856
0.013157
0.004011
0.007597
0.004057
0.005784
0.016436
0.003019
0.010695
0.009983
0.007396
0.018523
-0.007622
0.001851
0.007230
0.019607
0.004652
-0.001621
-0.000608
-0.003883
0.000687
0.029090
-0.000369
0.003503
0.001549
0.014533
0.007326
0.000000
0.012472
-0.014307
0.010973
-0.002085
-0.000799
0.010429
-0.008511
0.000844
0.016788
0.009171
0.017205
0.008451
0.008635
0.007313
0.008933
0.006391
-0.015600
0.017204
0.006555
0.005508
0.001994
0.012466
-0.004334
0.008173
0.002969
-0.003883
-0.001200
0.008266
0.003914
0.000000
0.009678
0.019771
-0.002269
0.005049
-0.002137
0.002837
0.007108
0.002519
0.002042
0.002836
0.036210
0.023217
-0.012148
0.027250
0.009970
0.003361
0.008832
0.001721
0.030389
-0.000887
0.007288
0.012973
-0.001809
-0.000828
-0.000935
0.000345
0.000000
0.006232
0.001515
0.006856
0.003805
0.001805
-0.001413
0.003917
-0.005674
0.006200
0.009523
-0.000827
-0.007069
0.000488
0.004019
0.022957
0.007487
0.010933
-0.007858
-0.001249
0.002605
0.012311
0.036150
0.000000
-0.009574
0.010136
0.000545
0.046617
0.003185
0.015953
0.019313
0.015536
0.052142
0.005491
0.013108
-0.000481
0.007169
-0.011803
0.000016
0.031765
-0.002499
0.004672
0.000554
0.006409
0.004764
0.016009
0.042827
0.021013
-0.002667
-0.000219
0.008266
-0.004401
0.013141
0.010417
0.022674
0.004767
0.015827
0.003417
0.004566
0.007283
0.010065
0.014384
0.008882
0.016298
0.000970
-0.000015
0.014249
0.007768
0.008063
0.003854
-0.000043
0.008566
0.006147
0.004631
0.003422
0.004456
0.017771
0.023523
-0.011414
0.023442
-0.000463
0.000000
0.003356
0.003721
0.005757
0.065365
0.004482
0.008069
0.010207
0.001799
-0.000716
0.023164
0.009564
-0.001844
0.000799
0.016577
0.029444
-0.001271
0.012349
0.000322
0.000998
0.006836
0.005382
0.024596
0.006912
0.010309
0.004448
0.009003
0.000223
0.003787
0.002625
0.008345
0.011805
0.012861
0.003138
-0.001793
0.010605
0.004904
-0.014773
0.007301
0.013286
0.009403
0.004099
0.001887
0.011383
-0.005592
0.006728
0.000000
0.005048
0.004221
0.011580
-0.006229
0.025719
0.020471
0.010506
0.019346
0.016200
0.000120
0.004577
0.008742
0.006189
0.005147
0.008015
-0.012851
0.006011
-0.014390
