300
1
0.104166
0.002915
0.019519
0.074090
0.000000
0.142170
0.043125
-0.052589
0.044102
0.000469
-0.029664
0.028780
0.010704
-0.010723
0.051329
0.096475
-0.015352
0.016769
-0.011185
-0.020554
-0.030488
0.068219
0.236934
0.102658
0.039747
-0.035611
0.014827
0.109547
0.060333
0.129644
0.031590
0.069775
0.078731
0.026224
0.012398
0.023499
0.050779
0.022494
0.007658
0.019522
0.131155
0.000287
0.019331
0.021351
0.000000
0.010813
0.178723
0.158801
-0.033742
0.115609
0.020721
-0.001443
0.136682
-0.005867
0.023686
0.033271
0.035988
0.182378
-0.001064
0.008138
0.036578
-0.023057
-0.042510
0.008002
0.041671
0.000121
0.065720
0.025783
0.121028
-0.012436
-0.004475
-0.010860
0.111669
0.000000
0.066442
0.000000
0.041419
0.040808
0.091204
0.044681
0.000000
-0.005560
0.063630
-0.007363
0.171364
0.111653
0.182313
-0.036495
0.070048
0.058362
0.250298
0.000000
0.044883
0.035914
0.023706
0.001827
-0.028135
-0.038555
0.207273
-0.051307
0.135914
0.063325
-0.043156
0.081543
0.014190
-0.034095
-0.066701
0.048625
0.080909
0.101447
0.124496
0.018322
0.000000
-0.051010
0.083822
0.000000
-0.019998
0.018626
0.022672
0.044506
0.123805
-0.026811
0.059215
-0.019584
0.038569
0.027106
0.000000
0.052299
0.012133
-0.027818
-0.065046
0.004162
0.240852
0.137747
0.021996
0.011351
-0.030064
-0.101000
0.014241
0.000203
-0.001023
0.060904
-0.036500
0.010993
0.021147
0.026398
-0.020852
0.000000
0.000541
0.026510
-0.023764
0.024729
-0.003350
0.006496
0.163116
0.112832
0.010222
-0.021464
-0.002152
-0.055454
-0.017761
0.024342
0.034807
-0.068820
0.078371
-0.007166
-0.006554
0.014119
-0.001291
0.025228
0.148598
-0.047996
0.053312
0.014665
-0.007693
0.031259
0.000159
0.003526
-0.012605
0.000011
0.134627
-0.000921
0.015070
0.028949
-0.018406
0.041209
0.014605
0.007128
0.030972
0.072613
0.021016
0.056359
0.096347
0.037888
0.128281
0.001951
0.072948
0.009194
0.030187
-0.022658
-0.033815
0.000000
-0.012335
0.055138
-0.007713
0.119469
0.066444
-0.032308
-0.001682
0.043897
0.028892
0.097515
0.080345
-0.000264
0.043567
0.177683
0.019832
0.144016
0.223080
0.071178
-0.046013
0.103606
0.002338
0.001094
-0.004982
-0.014535
0.008063
0.039310
0.034421
0.026630
0.054238
-0.000249
0.127443
-0.037349
0.014110
0.126053
0.005490
0.119797
-0.030092
0.060175
0.178939
0.023654
-0.049198
0.003240
-0.068998
0.068273
-0.024340
0.000000
0.218607
0.077522
0.107477
-0.001028
-0.002853
0.025871
0.017425
0.024955
-0.022554
0.033333
-0.009153
-0.011484
0.038678
0.127408
0.016457
0.106881
0.007514
0.032606
-0.025379
0.056484
0.023832
-0.069414
-0.019229
0.077893
-0.028485
0.021796
-0.002559
0.199516
0.000000
0.026263
0.029628
0.163289
0.096333
-0.033994
0.050236
-0.011718
0.008046
-0.003438
0.084414
0.161108
0.039605
0.018423
0.079137
0.073030
0.123128
0.042784
0.004833
0.219085
0.077495
0.026205
0.000986
0.068287
