10
300
0.272362
-0.314891
0.040327
0.167652
0.044803
0.302672
0.030422
-0.309034
0.079400
-0.933368
-0.220298
-0.243516
-0.019204
-0.006920
-0.255378
-0.063389
-0.964546
-0.041693
-0.475496
-0.581642
-0.689986
-0.141434
0.713715
0.616893
0.182568
-0.285308
-0.330031
0.085289
-0.167987
0.507423
-0.019866
0.216071
0.148972
-1.111960
0.039212
-0.462872
0.263272
-0.031580
0.003820
-0.006490
0.848402
0.008970
0.079451
-0.098802
-0.018766
-0.009056
0.740598
0.732559
-0.279932
0.596283
0.037552
-0.024418
0.513388
-0.349928
-0.204048
-0.095708
0.171264
0.845477
0.039516
-0.200972
-0.057456
-0.938296
-1.286458
-0.491685
0.124886
-0.028414
0.074968
-0.712205
0.493801
-0.216711
-0.746885
-0.107763
0.363299
-0.015149
0.314827
0.007579
0.057713
0.164398
0.318851
0.183478
0.031897
-0.032403
0.080608
-0.004432
0.882729
0.310455
0.588369
-0.336324
0.153176
0.107953
0.883871
-0.017047
0.130141
-0.086262
0.023191
0.001210
-0.385095
-0.751359
0.723635
-0.761440
0.349108
-0.117121
-0.784384
-0.172239
0.036088
-1.007277
-1.572238
0.152057
0.365380
0.268233
0.886704
-0.027867
-0.030180
-0.728313
0.121534
-0.038687
-0.422707
0.084529
0.026978
-0.292303
0.700741
-0.481223
0.067069
-0.032874
-0.147774
-0.068501
0.018470
-0.433595
0.050669
-0.451439
-1.010524
0.002283
0.882182
0.363067
-0.565764
0.021240
-0.371345
-1.070777
-0.022291
-0.034368
0.030270
0.219537
-0.956064
0.024271
0.011408
-0.314182
-0.853679
-0.029813
0.024063
-0.039433
-0.504749
-0.222300
0.023351
-0.014673
0.978099
0.197654
-0.267532
-0.077485
-0.041818
-0.584702
-0.714055
-0.047480
-0.234179
-1.646835
0.066386
-0.247856
-0.457129
-0.404607
-0.018694
-0.062239
0.397404
-0.465501
0.027631
-0.319055
-0.030958
-0.214856
0.013863
-0.079820
-0.416888
0.001008
0.830782
-0.545622
-0.320447
-0.190704
-0.260260
0.018526
-0.190975
-0.031379
-0.006590
0.129152
-0.369889
0.166593
0.330816
0.087223
0.375398
0.002123
0.129011
0.060374
-0.071350
-0.182901
-0.417125
0.043163
-0.341847
0.065795
-0.034756
0.243573
0.148551
-0.391709
-0.042356
-0.456175
0.007569
0.313746
-0.652503
-0.567693
-0.062402
0.985524
-0.119091
0.435199
1.116518
-0.203831
-1.487272
0.321782
0.084140
-0.007513
0.030455
-0.174246
-0.591488
-0.017114
-0.077568
0.035289
0.276804
-0.020796
0.314495
-0.720682
-0.126846
0.355040
-0.456567
0.327500
-0.678920
0.251101
0.715302
-0.450835
-0.431440
-0.505893
-0.910841
0.004456
-0.366285
0.005699
1.132848
0.316869
0.521313
-0.332560
0.045279
0.017442
-0.033367
-0.036750
-0.339723
0.040549
-0.015951
-0.364514
-0.116196
0.592286
-0.040091
0.515782
-0.021454
-0.002762
-0.603690
-0.125527
-0.124615
-0.705377
-0.556395
0.214450
-0.977135
-0.097589
0.025547
0.546709
-0.000263
0.033634
-0.112608
0.525085
0.273748
-0.759970
-0.018635
-0.395599
-0.013630
-0.037051
-0.027030
0.529212
0.045355
0.021686
0.409724
0.108158
0.354858
-0.087454
0.020755
1.107509
0.459026
-0.057228
-0.465777
0.176504
-0.405445
-0.103118
-0.001910
0.023183
-0.024919
-0.271741
-0.125449
0.003755
-0.096110
0.329812
-0.100568
-0.091977
0.016092
0.032665
0.509926
-0.037488
0.234317
-0.097502
0.157655
-0.098675
-0.315742
0.138096
0.322593
-0.243859
-0.113750
-0.264316
-0.192113
0.507425
0.547998
0.213170
0.149891
0.258631
0.471157
-0.599339
-0.083968
0.104775
-0.106120
0.368913
0.007130
0.090375
0.275885
0.009122
-0.132929
-0.366218
0.042199
-0.053497
0.019598
0.211030
-0.137050
0.144963
-0.052627
-0.034502
-0.169897
0.239351
0.497596
0.030284
-0.123318
-0.153620
0.005512
0.192807
0.026932
0.171045
-0.828578
0.001656
-0.009177
-0.035857
0.189318
0.039893
0.202970
-0.262445
0.201510
-0.057970
0.427353
-0.004403
0.276045
0.003970
0.093297
0.197551
-0.273756
0.282010
0.032056
-0.008244
0.115249
-0.013666
0.217875
-0.335817
0.214621
-0.270126
0.635400
0.325497
0.277125
-0.010128
-0.278918
0.146693
0.015606
0.031781
-0.223815
0.043072
0.324399
-0.111834
0.445802
-0.532596
-0.465861
0.471414
-0.155118
-0.591387
-0.002693
-0.090524
0.547575
0.167145
-0.119407
-0.274304
-0.032521
-0.407997
-0.196556
0.030501
-0.258779
0.122993
-0.033535
0.331527
0.140414
0.023780
0.153520
-0.193368
0.143583
-0.023889
0.000923
0.798357
0.014506
0.457513
0.105928
0.044789
-0.654949
0.456599
-0.199210
-0.037101
-0.283738
-0.776142
-0.102903
0.023668
0.044826
-0.148193
-0.424803
0.254518
-0.074212
-0.343818
-0.063172
0.041207
-0.003973
-0.258608
0.150366
0.394813
0.206158
-0.035074
0.199249
0.390217
0.247059
-0.000291
-0.043471
-0.509269
0.360244
-0.086685
-0.307020
-0.206768
0.115544
-0.148297
0.035425
-0.665300
0.021358
-0.000174
0.291781
-0.029905
0.259434
-0.094625
0.023594
-0.396109
0.040184
-0.156288
-0.316092
-0.016272
0.365975
-0.073213
-0.108368
-0.030071
0.005542
-0.309613
-0.128791
0.027445
-0.037484
0.097470
-0.011582
0.346936
0.172237
0.156869
0.511113
-0.032521
-0.129883
-0.055058
0.141429
0.166013
0.217070
-0.049706
-0.208809
-0.198218
-0.009324
0.188612
0.052061
-0.228352
-0.049049
0.969541
-0.061192
-0.237905
0.110603
-0.604992
0.557816
-0.089387
0.104694
0.217505
0.137781
0.320414
-0.050050
0.116015
-0.017404
0.006304
0.038272
0.075120
-0.143259
-0.082822
0.429652
-0.009672
0.050823
-0.032027
0.379722
0.079719
-0.008728
0.513709
-0.440609
-0.208248
-0.259359
-0.507612
0.093705
-0.065566
-0.255641
0.433413
0.121401
-0.509385
0.210582
-0.047684
0.027905
-0.181083
0.189430
0.097114
-0.051002
-0.059811
0.097193
-0.187292
0.036013
-0.055008
-0.026534
-0.329874
-0.140259
-0.030182
-0.043939
-0.238580
0.016522
-0.023403
-0.043707
-0.184159
-0.300845
0.275576
0.097128
-0.174838
-0.336816
0.140993
0.021477
0.205704
-0.006652
0.224600
0.243495
-0.246970
0.331580
-0.504565
0.556941
-0.412240
0.080790
0.031898
-0.362223
-0.235920
0.197524
0.431878
0.362137
-0.158634
0.225245
-0.162275
-0.010453
-0.196851
0.050094
-0.001818
0.523486
-0.381216
0.353248
0.443652
-0.048613
0.150070
-0.000612
-0.174637
0.178180
0.512116
-0.101756
-0.121645
0.072012
-0.314649
-0.036434
-0.005719
0.218509
-0.325397
-0.452600
-0.118378
0.058529
0.320704
-0.334877
-0.441581
0.229558
0.139323
0.364412
0.062131
-0.311188
-0.043751
-0.044801
0.056321
-0.238816
0.370341
-0.335866
-0.744242
-0.020664
0.549464
-0.080480
-0.211831
0.080508
0.014211
0.485361
-0.034565
0.341840
0.099122
0.011354
-0.025820
0.132282
-0.021748
0.000150
0.050938
0.539839
-0.004426
-0.244119
0.056058
0.334593
-0.119091
0.115347
0.109539
0.002941
-0.420358
-0.232490
0.002759
0.166831
0.266746
0.151709
-0.021137
0.457186
-0.173070
-0.073191
0.040808
-0.220962
0.028356
0.174841
0.003725
-0.021152
-0.009378
0.043678
-0.140390
-0.047531
0.184887
-0.044465
-0.039418
-0.290765
-0.030171
0.295737
0.328772
0.393984
-0.289714
-0.006355
0.130988
0.196884
0.023883
-0.032254
-0.145633
0.160171
-0.011729
-0.263582
-0.240745
0.638404
0.005068
-0.093468
0.012997
-0.275596
-0.153954
0.096839
-0.098215
0.284617
0.149134
-0.039540
-0.093851
-0.053455
0.065873
0.027993
-0.270513
-0.153773
-0.015830
0.039518
-0.222636
-0.027040
-0.058043
0.123501
-0.128379
0.373344
0.162253
-0.250765
-0.058186
0.006604
-0.334167
0.033368
0.139093
0.441262
0.006667
-0.152441
0.105604
0.057846
0.128314
-0.504841
-0.087968
-0.056431
0.038511
0.015311
-0.038182
0.269479
0.201987
-0.027911
0.112072
0.074766
0.005266
-0.009320
-0.297878
-0.341823
0.563035
0.125822
-0.041022
0.536223
0.325650
-0.134830
-0.163019
0.015905
0.056240
-0.398007
-0.208338
-0.214219
0.140536
0.017021
0.103918
0.475724
0.094629
0.021286
-0.108024
0.342382
-0.285375
-0.034689
-0.295250
0.025313
-0.114533
-0.034997
-0.083918
0.138495
0.004138
0.128903
-0.113425
-0.238410
-0.089797
-0.322972
-0.011827
0.437693
0.001338
-0.031887
0.243706
-0.491310
0.395593
0.486512
0.098038
-0.123058
0.010313
-0.223653
0.168109
-0.271559
0.610397
-0.243348
-0.013511
-0.255845
-0.132377
0.035807
-0.266150
-0.196613
-0.140659
0.042897
-0.397854
-0.100009
0.043972
-0.987583
0.183996
0.240709
0.153894
0.021166
-0.377004
0.194161
-0.568563
0.144291
0.379038
-0.056444
-0.012937
0.044985
-0.097646
0.066044
-0.092969
-0.136039
-0.062137
0.300168
-0.021871
0.629473
0.237802
0.018849
0.281966
0.245044
0.012445
-0.167655
0.067086
-0.068873
-0.151262
0.487549
-0.272025
0.149211
-0.368718
0.622358
-0.008812
0.238365
0.213620
-0.062928
-0.273650
0.039792
0.006398
-0.014544
-0.253092
-0.000869
-0.018653
0.034948
0.183178
-0.135345
-0.048212
0.062239
-0.254963
0.041571
-0.137728
-0.146280
-0.077996
0.119596
-0.146358
0.138614
-0.097640
0.496316
0.081765
-0.012848
0.080449
-0.022831
-0.102313
-0.173164
-0.068745
0.105770
-0.104934
-0.154042
0.204239
-0.012809
-0.003262
-0.073469
0.134646
0.409277
0.249698
0.009695
0.132774
0.425486
-0.096693
0.026127
0.214789
0.195800
-0.112599
-0.093610
0.025833
0.063097
0.662599
0.207890
-0.390420
0.034765
-0.072339
0.089735
0.528016
-0.114969
0.072734
0.042149
0.103807
-0.034910
0.039850
-0.241735
0.008440
0.078336
0.021666
-0.055971
0.387541
0.042632
-0.596249
-0.324339
-0.041904
0.017888
0.044481
0.279356
-0.384008
0.012350
-0.043821
0.352614
-0.229266
0.573359
-0.131585
0.053285
0.632899
0.237819
0.510812
-0.019023
0.162854
-0.126535
0.042275
0.156894
0.115033
0.033839
-0.016151
-0.381115
-0.017855
0.067067
-0.071771
-0.074637
0.012264
-0.244539
0.118151
0.122088
-0.007046
0.009469
-0.095640
0.010545
0.599281
-0.051456
0.330317
-0.102441
0.738029
-0.132524
0.039574
-0.050092
-0.912678
0.440248
-0.112631
0.174374
-0.011572
-0.262512
0.045542
-0.149953
0.041886
-0.193361
0.007739
0.297537
-0.304562
0.021898
-0.038828
-0.331961
-0.059583
-0.458215
-0.162008
0.007532
0.767600
0.186237
0.073741
-0.381297
-0.020691
0.368157
-0.221734
-0.328382
-0.113281
0.589073
0.295530
-0.110731
0.290119
0.154741
-0.231474
-0.018744
-0.441820
-0.065688
0.192980
0.328166
0.178159
0.085872
-0.488259
-0.267323
-0.210418
-0.035960
0.326351
-0.468756
-0.001628
0.126999
-0.293184
-0.060089
0.096961
-0.198933
0.259129
-0.118641
0.225749
-0.230706
0.235439
-0.039251
-0.156663
-0.050210
0.580985
0.293393
-0.008013
0.145702
-0.065754
-0.048010
-0.099313
0.185844
0.065901
-0.132711
-0.040136
-0.020352
0.084878
0.807950
0.142892
-0.080529
-0.204437
0.420101
-0.043446
0.045864
-0.353018
0.150897
0.655274
-0.080548
0.304609
-0.034874
0.036741
-0.236330
0.305139
0.021121
0.334323
0.049005
-0.003133
0.055883
0.384819
0.309753
-0.011291
0.306411
0.158991
-0.043558
0.101748
-0.029277
-0.370800
-0.068690
-0.046431
-0.023357
-0.552011
-0.017139
-0.184702
0.290505
0.025037
0.024816
-0.354794
-0.687409
-0.256647
0.040884
-0.272191
0.174594
-0.009718
0.157024
0.177027
-0.495598
-0.373440
0.245907
-0.369460
-0.347643
-0.049477
0.004053
-0.139042
0.020668
0.055479
0.269320
0.039724
0.114800
0.110038
-0.041565
-0.491025
-0.186244
0.664641
-0.023953
0.123058
-0.113112
-0.056447
0.265615
-0.024488
-0.011325
-0.061154
0.065935
-0.192017
-0.434566
-0.107716
-0.682214
-0.096011
0.286573
-0.042129
0.031864
-0.429583
0.320017
-0.162499
-0.166115
0.100054
0.205663
-0.000910
-0.273603
0.494177
0.195037
-0.532691
0.070313
0.209253
0.143657
0.005764
-0.042244
-0.081382
0.371626
0.025274
0.253692
0.316165
-0.017836
0.018678
-0.061055
0.086923
0.184187
0.342925
0.000459
-0.103156
0.023277
0.358817
-0.102113
-0.081406
0.043046
0.070992
-0.100177
0.204981
0.056110
-0.186137
0.010597
-0.194021
0.100156
-0.238879
0.542793
0.329976
0.548486
-0.016705
0.349408
-0.050914
0.023616
-0.065787
-0.032885
0.126376
0.014969
-0.069261
-0.062465
0.637347
0.156313
0.009959
-0.030700
0.027156
-0.201884
0.256125
0.256479
-0.287018
-0.197786
0.258488
-0.226735
0.017157
-0.077284
0.288177
0.051856
-0.119945
0.142563
0.214804
-0.162841
-0.583366
0.007092
0.195358
-0.022106
0.398080
-0.261381
-0.190535
0.368116
-0.053786
-0.116602
-0.271628
0.025361
0.011997
0.199691
0.387879
-0.115674
0.023311
0.260259
-0.512220
0.172755
0.917605
0.422068
0.114691
-0.214319
0.248369
-0.165221
0.669788
-0.404996
0.104081
-0.193191
0.046677
-0.105208
0.528732
0.094758
-0.652061
-0.033556
-0.061974
0.042592
0.003050
-0.137701
0.043288
-0.083429
-0.205732
0.006849
-0.109529
0.386103
-0.172379
-0.092918
0.035810
-0.054496
-0.022015
0.216387
-0.125598
-0.030331
-0.058931
-0.030301
-0.317337
0.038627
-0.414088
-0.188723
-0.640776
0.028531
-0.273057
0.164234
0.002839
-0.367075
0.890119
-0.270738
0.085580
-0.156535
0.006035
0.165287
-0.029115
-0.003489
0.005707
0.087704
-0.113396
-0.180747
-0.149848
0.017657
0.037238
0.511659
0.019917
-0.028552
0.275018
0.231308
-0.346882
-0.015624
-0.102025
0.145238
-0.019543
-0.251433
0.292556
0.026963
-0.050972
-0.165343
0.055748
0.212542
-0.432247
0.083860
0.251374
0.208740
0.737181
-0.044006
-0.001520
-0.255330
-0.300432
-0.075435
0.065317
-0.211987
-0.071682
0.006829
-0.151150
0.154242
-0.032265
-0.169028
0.226939
-0.025662
-0.440578
0.029289
-0.442810
-0.309014
-0.244452
0.464577
-0.122322
-0.003766
0.433184
0.000457
-0.081172
-0.395528
-0.032173
0.160699
0.362550
0.167763
-0.000320
-0.338452
-0.092749
0.057630
-0.025171
-0.031043
-0.104480
-0.626262
0.102548
-0.081601
0.018429
-0.182399
-0.005861
-0.015956
0.352868
-0.106875
-0.225233
-0.135245
0.088208
-0.340309
0.124484
0.413281
-0.201025
-0.007921
-0.146258
-0.029894
-0.148899
0.168685
-0.110980
-0.407144
0.263337
-0.381107
-0.497802
-0.043195
-0.029102
0.054157
0.167736
0.315672
0.063439
-0.001270
0.477173
-0.007818
-0.021098
-0.219670
-0.027371
-0.265110
0.088354
0.254608
0.264462
-0.363680
0.211754
0.004833
0.026134
-0.085489
-0.274048
0.459877
0.179379
-0.423688
-0.134249
0.209641
-0.005396
-0.029614
-0.053669
0.211163
-0.191281
-0.179503
-0.044202
0.260196
-0.170921
-0.024290
0.450707
0.293887
-0.439987
0.040893
0.077528
0.099409
-0.074062
0.426076
-0.059484
-0.133467
-0.466071
-0.111157
0.023777
0.279117
0.411586
0.612961
0.041917
-0.008874
0.033445
0.032267
0.291485
-0.057240
0.463861
0.080238
0.178038
-0.074513
0.018805
0.372054
-0.014168
0.276427
0.070900
-0.108301
0.093132
0.112298
-0.173802
0.109636
0.095222
-0.456983
0.179819
0.103186
-0.060803
-0.363656
0.024656
-0.308265
0.005663
-0.097250
-0.426400
0.046636
-0.058343
-0.048086
-0.100426
-0.049602
0.364586
-0.018182
-0.082505
0.195925
-0.324725
0.179907
0.167626
0.030982
0.029020
0.231845
0.161879
-0.196482
0.077313
-0.224952
0.011749
-0.504609
-0.166678
-0.003681
0.429765
0.046021
0.024236
-0.098791
0.366880
-0.103085
-0.347714
-0.023876
0.046915
0.013903
0.044036
0.283943
-0.144474
-0.189115
-0.082486
0.019299
-0.392175
0.145875
0.338146
-0.021265
-0.158090
-0.220199
-0.068157
0.020555
-0.191915
0.029365
-0.396731
0.102078
0.102848
0.013554
0.807261
0.105629
-0.210111
0.014986
-0.144361
-0.289817
0.192451
0.062797
0.008335
0.016157
0.411828
-0.163694
0.041552
-0.128144
0.150207
0.007004
-0.058311
0.127427
0.322394
-0.250759
-0.286194
-0.090836
-0.176815
0.342476
-0.137496
0.229680
0.065224
0.042401
0.685427
-0.095924
0.264086
-0.031401
-0.011769
0.010648
0.076952
-0.501934
0.039617
-0.087909
0.110994
0.048266
-0.002390
-0.201210
-0.648193
-0.529173
0.056704
-0.059518
0.012149
-0.025779
-0.155694
-0.628326
0.041147
0.177059
-0.264306
0.002422
-0.092448
-0.303695
-0.295769
0.421890
0.373019
-0.133727
0.023686
-0.352079
0.038306
0.126361
0.194345
0.092225
-0.258344
0.429723
0.032627
0.034977
-0.017463
-0.201465
0.021432
0.451147
-0.011543
-0.015671
0.011875
0.104928
-0.027579
0.015665
-0.051389
0.139948
-0.051361
-0.416583
-0.032056
0.369761
-0.007330
-0.026745
0.119260
-0.275639
0.062081
-0.033121
-0.018205
-0.180028
-0.186538
0.094527
0.499449
0.228411
0.127913
-0.194250
0.149458
0.638219
-0.312796
-0.496490
0.255164
-0.228929
-0.256045
-0.004174
0.110322
-0.155048
-0.025067
0.032502
-0.350124
0.132238
0.087010
-0.423371
0.292867
-0.090042
-0.492231
-0.154948
-0.019386
-0.037364
-0.007082
-0.010600
-0.354347
0.078934
-0.027917
0.600824
0.066392
0.486102
-0.021370
-0.123680
-0.358913
0.095997
0.022236
-0.028459
-0.202609
0.058281
-0.315978
-0.060456
0.309852
0.373768
0.043452
0.044980
-0.094837
-0.126184
-0.224597
-0.102117
-0.150644
-0.482641
0.226935
-0.337221
-0.076405
0.018769
0.290790
0.227717
-0.084404
0.703464
-0.260339
0.090622
-0.419232
0.053639
0.417779
-0.011851
0.353770
-0.160518
-0.393210
-0.225355
-0.030053
0.019170
0.387821
-0.009919
0.011384
0.548364
-0.017643
-0.512310
0.178753
0.291477
0.303086
-0.072930
0.124493
-0.197442
0.005843
0.285746
-0.364233
0.027281
-0.587373
-0.398834
0.029095
-0.197486
-0.028462
-0.050294
0.049070
0.032718
-0.283509
-0.311402
0.036261
-0.039827
0.015638
-0.003873
0.214168
0.124138
-0.123831
0.048585
0.098260
-0.043546
-0.117465
0.062074
0.468341
0.077589
0.467696
0.260268
0.100689
-0.478451
0.354252
-0.915828
0.406499
-0.016370
-0.008058
0.028131
0.099734
0.047121
0.022201
0.006777
0.123653
-0.295703
0.031335
-0.156955
0.199938
-0.106654
-0.350955
-0.033472
0.452507
0.079586
0.112753
0.527295
0.197754
-0.311794
0.364823
0.318775
0.264544
-0.591627
-0.000324
0.259426
-0.005159
-0.165665
0.259960
-0.007410
0.063017
-0.050571
0.508436
-0.382473
0.031982
-0.018405
0.238324
-0.247742
0.301077
0.075485
-0.090674
0.040723
0.210658
0.050641
0.541959
-0.250551
-0.564789
0.364392
0.332149
-0.071208
-0.038613
-0.047972
0.196624
0.004821
-0.118171
-0.134889
0.164085
-0.288378
-0.140866
-0.183054
0.185049
0.014186
0.011029
0.821065
-0.037107
-0.037963
-0.271520
-0.191676
0.175285
-0.184186
0.038887
-0.043567
0.430986
-0.010588
0.039061
-0.002573
0.026868
0.082138
0.278583
-0.058770
-0.113039
0.010776
-0.600440
-0.264950
-0.293653
-0.098501
-0.042269
-0.055014
0.143982
-0.032227
0.012075
0.084965
0.150528
0.748329
-0.013471
0.083270
-0.327881
0.659797
0.630433
-0.274675
-0.367117
-0.097002
0.435913
0.328767
0.381041
-0.255399
-0.265101
-0.165390
-0.490790
0.200621
0.706461
0.044163
-1.093405
0.010858
0.040875
-0.040589
-0.059400
-0.355830
0.000768
-0.103910
-0.338981
-0.035469
0.279440
-0.267309
0.236893
0.187900
-0.140231
0.257831
0.033107
-0.041834
0.294856
0.236401
-0.067781
0.023034
-0.057879
-0.049917
0.646055
0.286751
0.297454
-0.060095
-0.295307
-0.026972
0.031223
-0.421328
0.111220
0.033699
0.044858
0.208056
0.021705
-0.319085
-0.035332
-0.039672
-0.011722
-0.195583
-0.067646
-0.568602
-0.073278
0.006132
-0.051098
-0.179637
-0.026730
-0.391966
0.275603
-0.328703
0.573823
-0.026100
0.104716
-0.107700
0.001701
-0.034583
-0.172079
0.315680
-0.056524
-0.489629
-0.405487
-0.691320
0.237071
-0.445334
-0.169697
0.381784
-0.150712
-0.166894
0.447646
-0.370878
-0.453816
-0.132658
0.189559
0.027769
-0.160398
0.039091
0.213679
0.306588
-0.025389
0.274123
0.670874
-0.004303
0.173077
-0.020756
-0.308891
-0.389137
0.473263
0.571859
-0.253896
-0.048164
-0.294807
-0.001544
-0.200023
-0.048780
-0.048353
-0.663069
-0.041664
0.112645
-0.041585
0.827788
0.332333
-0.108730
0.027101
0.024322
-0.073569
-0.113398
0.071039
0.109751
0.361374
0.631738
0.020625
0.026011
-0.098873
0.179061
0.085137
0.154532
0.125019
-0.036233
-0.117542
0.526516
0.455821
-0.050639
0.570729
0.157056
0.242626
0.118247
0.077563
-0.447800
0.330670
-0.362433
-0.243028
-0.028187
0.041347
0.063537
-0.113639
0.380243
0.330525
-0.044034
0.106583
-0.005509
0.120475
-0.229829
0.016392
-0.014832
-0.141027
-0.156106
-0.344547
0.555450
0.448949
-0.108688
-0.005049
-0.083313
-0.252009
0.276779
0.138116
0.136058
-0.145640
-0.108138
-0.026025
-0.154782
-0.134779
0.125583
-0.382464
0.185923
0.000940
0.600189
-0.051335
-0.024178
-0.559867
-0.056859
0.331159
0.024403
0.022218
0.080365
-0.034970
0.667020
-0.231135
0.058646
-0.417782
0.069263
-0.032926
-0.552029
0.141004
1.483471
-0.339538
0.160264
-0.046555
-0.018520
0.408384
0.597216
-0.113064
-0.197340
-0.190744
0.215748
-0.038437
0.522766
-0.100416
-0.019249
-0.142877
-0.297402
-0.593082
0.067250
-0.225315
-0.520519
0.429560
0.324453
-0.196529
-0.295426
0.623304
-0.387380
-0.019817
-0.077308
-0.280910
-0.027140
0.152422
0.029586
-0.089222
0.080878
0.095278
0.247599
-0.032143
0.042935
-0.161318
0.154564
-0.085114
-0.033438
-0.081459
-0.042379
0.234673
-0.043396
-0.224165
-0.391931
0.046709
0.406582
-0.215336
-0.002621
-0.063299
-0.039725
-0.155189
-0.032836
0.009493
-0.030982
-0.094026
-0.113907
0.670746
-0.134380
0.645423
0.003945
-0.017372
0.026342
0.436654
-0.135360
0.315187
0.279525
-0.405949
0.097804
-0.042626
-0.005520
-0.602068
-0.218289
-0.013756
0.021124
0.188512
0.558502
-0.123697
-0.008548
0.192715
-0.046711
0.238393
-0.067209
-0.096726
0.082384
-0.145266
0.227823
0.141368
-0.032424
0.016017
-0.289514
0.156671
-0.220115
-0.049115
0.300558
0.078494
0.210138
0.072399
0.179233
-0.078627
-0.126194
-0.132967
-0.012413
-0.152309
0.033671
0.096174
-0.114025
0.032669
-0.120434
-0.094850
-0.009109
-0.068659
-0.121258
-0.229981
-0.036072
0.002502
0.112144
0.043268
-0.108457
0.451822
0.014893
-0.142124
0.135584
0.472599
0.134648
-0.253945
-0.293944
0.010736
0.368729
-0.145127
0.134774
0.119096
-0.159884
0.738092
-0.027559
-0.204975
0.243599
-0.263125
0.098757
-0.471111
0.172648
0.016473
0.585454
0.050772
-0.293469
0.057264
-0.130342
0.231971
-0.430597
-0.030592
-0.303571
-0.021503
0.308183
-0.016682
0.245387
-0.274518
0.028527
0.000198
0.008175
0.040338
-0.008242
0.442272
-0.212646
-0.067386
-0.209060
-0.372622
0.087100
-0.039375
0.494533
0.005828
0.139841
-0.063413
0.458807
0.209631
0.290664
0.359683
0.194643
0.436790
-0.222229
-0.200337
0.275060
0.370057
-0.290692
0.446822
-0.275142
-0.105764
0.214806
0.652520
0.035566
-0.084784
0.484402
-0.014616
-0.069409
-0.219831
-0.059434
-0.136886
0.146729
-0.134067
0.277646
0.141665
-0.122286
0.022968
-0.002030
-0.063946
-0.030107
-0.166348
-0.342958
-0.030919
0.813645
-0.347004
-0.089681
0.033591
-0.013891
0.253522
-0.003594
0.000302
-0.008961
0.193192
0.318046
-0.233610
0.171270
0.015342
-0.687459
-0.004745
0.005818
0.502118
-0.157140
-0.360515
-0.181914
-0.106175
0.263591
-0.111852
0.208223
-0.096811
-0.024185
0.012272
-0.254504
-0.137193
0.024674
-0.067525
0.300312
0.146242
0.007247
-0.094129
-0.033067
-0.231992
0.179145
0.116824
0.039264
0.276926
0.029958
0.061359
-0.003247
0.171966
-0.249008
-0.004335
0.119580
0.034491
0.174452
0.342093
0.323865
0.061341
-0.118596
-0.013659
-0.185610
0.563972
-0.038091
0.151451
0.249666
0.256896
0.112191
-0.035332
0.464324
-0.040317
-0.104286
0.077996
-0.422298
0.034873
-0.207571
0.429604
0.029218
0.399480
0.072168
-0.230013
0.045311
-0.299024
0.176243
0.502634
-0.235167
0.141372
-0.426324
0.173026
-0.279762
0.238020
0.322631
-0.206164
0.137938
-0.200832
-0.137513
0.013454
-0.005948
-0.213712
-0.442159
-0.003950
-0.018495
-0.077638
-0.169287
0.001834
-0.359023
-0.624911
-0.040064
0.436240
0.621368
0.304254
-0.218047
0.346751
0.296229
-0.287221
0.184449
-0.238657
-0.324504
0.230841
0.016781
-0.000434
-0.097308
0.146615
-0.076146
-0.004143
-0.021742
-0.078774
-0.082021
-0.176035
0.424406
-0.084176
0.014198
-0.202240
0.355167
0.032333
0.000416
0.624001
-0.009604
-0.034227
0.078667
0.162977
0.327335
-0.334572
-0.952863
0.242649
0.303732
0.037975
0.012088
0.272669
-0.041019
-0.045757
-0.054932
0.216521
0.465880
0.416221
-0.193246
-0.220015
0.037109
-0.028328
-0.390531
0.390576
-0.395206
-0.373364
-0.413625
0.154275
0.091402
0.011643
-0.065209
0.318070
-0.051684
0.093485
-0.312525
0.278689
-0.341700
-0.138966
-0.050598
-0.352683
-0.038531
-0.226635
-0.131966
0.273165
0.024094
0.478013
0.467144
0.004239
0.161969
0.022939
-0.183756
-0.265274
0.474273
0.216642
-0.064549
0.412661
0.112723
0.066170
-0.574241
0.053291
-0.183866
0.412252
0.043559
-0.451905
-0.336220
-0.389982
-0.078119
0.014962
-0.328518
-0.100457
0.058216
0.127849
-0.109243
-0.196730
-0.050358
-0.136340
-0.255301
-0.046935
-0.061758
0.064803
-0.024008
-0.120256
-0.312899
-0.226582
0.684282
-0.153059
0.077498
0.027180
-0.254101
0.297960
-0.044895
-0.223652
-0.100109
-0.429521
-0.008110
-0.298995
0.021227
0.472048
0.675643
0.052866
0.323569
0.028434
-0.024791
0.791782
-0.454776
0.418780
0.270379
-0.065271
-0.194921
-0.003259
-0.242805
0.006278
0.203866
-0.003816
-0.011145
0.061938
-0.035758
-0.004153
0.117553
0.079352
-0.259365
-0.398218
-0.698800
-0.035269
-0.243280
-0.111436
-0.887495
0.037907
-0.273526
0.099489
-0.030466
0.014130
0.555787
0.531306
-0.763639
0.306709
-0.587092
0.189472
0.520173
0.000274
0.058260
0.197730
0.928623
0.325070
0.116145
-0.444558
-0.060436
0.792664
0.044034
0.625658
-0.054870
-0.021424
0.161175
-0.023294
0.024051
-0.498687
-0.238392
0.725834
-0.317593
0.185261
0.107956
-0.147069
-0.009408
-0.033402
0.045716
-0.106515
0.820617
0.038762
-0.565963
-0.239868
-0.367640
-0.022250
0.335416
1.348637
0.265458
0.034028
-0.023102
-0.037336
0.261934
0.145335
-0.044468
-0.360967
-0.111537
-0.038707
0.002424
0.615424
0.401807
-0.494676
0.411269
0.001592
-0.466666
-0.644979
-0.060015
0.068668
0.012454
0.201737
0.323228
-0.111779
-0.171208
0.668546
-0.237924
0.278944
-0.073512
0.167289
0.032119
-0.023816
-0.400534
0.808459
-0.265503
0.108959
0.030458
0.356459
-0.015615
0.388006
-0.016616
0.033268
-0.376697
0.108127
0.282609
0.201943
0.245708
-0.193216
-0.321298
-0.061817
-0.128096
-0.323224
0.118374
-0.116397
-0.257701
0.315290
-0.341508
0.022215
-0.091514
0.154348
0.089519
0.161620
0.429723
0.049099
-0.179430
-0.178521
0.026460
0.246834
-0.214536
0.180733
0.023480
-0.471323
-0.024883
-0.107982
-0.494686
0.209879
-0.206822
-0.174326
0.048666
-0.533154
-0.379576
-0.256467
0.763521
-0.288197
0.011639
-0.006476
-0.009407
0.320485
-0.444917
0.112294
-0.031086
-0.045846
-0.290226
0.042421
-0.703893
0.047641
-0.012767
0.205103
0.313992
-0.590509
0.437647
0.473026
-0.217524
0.034943
0.490238
0.475078
0.777483
-0.376667
0.782894
0.011820
-0.617720
-0.046964
-0.218548
0.110098
0.003522
-0.108881
0.037805
-0.069249
0.486200
0.144386
0.015075
0.401633
0.094809
-0.426782
-0.005190
-0.120458
-0.002033
-0.049003
0.429645
-0.099083
0.123433
0.702821
-0.176727
-0.061769
0.310233
0.325512
-0.024247
-0.498515
0.044627
-0.067118
0.121562
-0.215784
-0.336063
0.242508
-0.243538
0.115090
0.015181
-0.037615
-0.371629
-0.437216
-0.325575
0.184394
-0.186613
-0.462026
-0.380801
-0.334389
0.014749
-0.639452
-0.082860
-0.094209
-0.158670
-0.195152
-0.385888
0.161826
0.001883
0.064749
-0.017827
-0.337740
0.416493
-0.142542
-0.059202
0.541240
0.030623
0.410828
-0.108884
-0.048261
-0.101172
-0.520224
0.290941
-0.045366
-0.123134
0.316784
0.063394
-0.630004
-0.818723
-0.404416
0.424009
-0.277662
0.419093
-0.441710
0.321059
-0.266093
0.068476
-0.331708
-0.544090
0.782449
-0.044900
0.692061
-0.107824
-0.127069
-0.036606
-0.082112
-0.371899
-0.047752
-0.017463
0.136147
-0.044665
0.232868
-0.492954
-0.525540
-0.118750
-0.148944
-0.400549
-0.024192
-0.102536
-0.157004
-0.434380
0.290560
-0.159378
-0.432175
-0.018595
0.258482
0.217716
0.941167
0.942076
0.205465
-0.492087
0.031130
-0.048977
-0.269325
-0.228736
-0.306660
0.222057
0.055076
-0.358688
-0.026013
0.083756
-0.031067
-0.142330
-0.148089
-0.222608
-0.078814
0.014133
-0.051133
-0.194894
-0.011879
-0.226784
-0.615206
-0.470983
0.111164
-0.003874
-0.174556
-0.624623
0.012061
-0.078156
0.021998
-0.040350
0.088315
0.098445
0.119898
-0.494056
0.156201
-0.220751
-0.388531
0.371273
-0.301889
0.038594
0.374881
0.389244
-0.256356
-0.218428
0.114409
-0.092124
-0.431564
-0.005789
0.296741
0.096770
0.021637
0.178545
-0.055277
-0.050261
0.678255
-0.226210
0.117394
0.396443
-0.281578
-0.352649
0.375243
0.001097
0.101049
-0.030645
0.012695
-0.177165
-0.005656
-0.546971
-0.660989
0.339805
0.034068
0.213644
0.298874
0.030355
-0.048689
0.030758
0.066985
0.471289
-0.175992
0.060426
0.349144
0.430672
-0.017906
0.005711
-0.333468
0.455236
-0.318846
-0.406648
0.014177
-0.330469
-0.545245
-0.194182
-0.248051
-0.012498
-0.297454
0.318012
0.525100
-0.086265
1.024542
0.077072
-0.402693
0.284759
0.966953
-0.047929
0.063743
-0.797996
0.485818
-0.272331
-0.049349
0.002005
-0.330712
0.021552
-0.260505
0.412175
0.034577
-0.356220
0.705483
0.398675
-0.201716
-0.188278
-0.156070
0.473931
0.082621
0.094571
-0.046283
0.419415
-0.238085
-0.504535
-0.247284
-0.185624
-0.043699
0.061425
-0.173303
-0.020817
-0.158900
0.406095
-0.010032
0.344457
0.093884
0.023288
-0.415680
-0.081602
0.377987
-0.003872
0.323620
0.021383
-0.290105
0.905712
0.459334
-0.058175
-0.592564
-0.220882
0.274876
-0.311513
0.126920
-0.058499
-0.312787
-0.144886
-0.002953
0.044390
-0.368914
0.775905
-0.091821
-0.001362
-0.173961
-0.219454
-0.015413
-0.567934
0.332333
-0.285654
-0.760720
0.014636
-0.020125
0.552686
-0.320955
-0.670937
0.280343
-0.290418
-0.334245
-0.174466
-0.081994
-0.160630
0.015653
-0.661626
-0.277746
-0.294563
-0.000358
0.010785
0.270240
-0.071655
-0.137105
-0.259234
-0.147241
-0.037704
0.088650
-0.082279
-0.288752
-0.102408
-0.157744
0.080335
-0.051939
-0.107313
0.047445
0.113121
0.327870
0.394073
-0.263867
0.436887
-0.125313
-0.010529
-0.847910
-0.031575
-0.057501
0.131118
-0.576559
-0.322680
-0.060113
0.154341
-0.242328
-0.006948
0.010334
0.176316
-1.089443
0.076840
-0.280670
-0.203475
0.715621
-0.524062
0.498993
0.006703
-0.702740
-0.217042
0.168596
0.395306
-0.134769
