200
1
0.114866
-0.003213
0.085944
0.027584
-0.091755
0.048047
0.097931
0.137380
-0.025284
-0.271962
0.111042
0.194348
0.005192
0.220885
0.179856
0.291108
0.244246
0.030504
0.151879
-0.313259
0.118853
0.204844
0.149879
0.152730
0.162649
0.242897
0.275619
0.233427
-0.145585
0.017695
0.355232
-0.126148
-0.047202
0.120465
-0.273210
0.156074
0.111086
-0.064572
-0.117565
0.003284
-0.016765
-0.004600
-0.009781
0.096250
0.044118
-0.103075
-0.005960
0.067329
-0.257673
0.218526
0.031966
0.211427
0.047237
0.103688
0.163637
0.238642
-0.098512
0.182855
0.064364
-0.091383
-0.055035
0.160918
-0.050991
0.139556
0.058648
-0.030638
-0.178119
-0.033763
0.206616
0.050096
-0.097235
-0.013672
0.106400
0.174074
-0.029437
0.085334
0.168348
0.074524
0.189242
0.225852
-0.307459
-0.176245
-0.073795
0.099256
0.043264
0.070845
0.232542
0.032588
0.156129
0.223174
0.235337
0.085524
0.063395
0.117269
-0.041876
0.003479
0.088402
0.025280
0.086304
0.177358
-0.038347
0.163048
0.144939
0.064869
0.071868
-0.059691
0.178754
0.052780
-0.058456
0.330004
0.098552
-0.075504
-0.070248
0.089942
0.128489
0.001319
0.024429
0.157765
-0.020669
0.132648
0.001858
0.123974
-0.077320
0.145742
0.274516
-0.014948
0.071265
-0.031634
-0.033413
-0.129309
-0.020864
0.163870
0.115208
0.102680
-0.033760
0.300074
0.069733
0.113716
-0.033131
0.127375
-0.091036
0.136927
0.317424
0.261542
0.208075
0.104719
0.066427
0.198364
-0.078403
0.009897
0.109466
0.038763
0.139450
0.092785
0.157690
0.113232
-0.034746
-0.024616
0.143055
-0.184163
0.038124
-0.033899
0.078998
0.189400
0.067056
0.003357
0.171230
0.212571
-0.144039
0.173233
0.085699
-0.018544
-0.100045
0.106311
0.122821
0.203739
0.136385
0.105304
0.241216
0.203384
0.087177
0.198099
0.005860
0.048893
0.034573
0.180249
0.245812
0.120635
0.149789
0.219919
0.066856
-0.077949
0.304304
0.083142
0.030982
0.050077
0.144620
-0.001633
-0.044945
-0.054708
