200
1
0.109359
0.252721
0.197569
0.153418
-0.156420
0.032303
-0.000240
0.094583
0.144749
0.107227
0.166647
0.089599
-0.000280
-0.084608
-0.147191
0.241663
0.310384
-0.036525
0.133593
0.014256
-0.073832
0.182894
0.099164
-0.000344
0.174820
0.197377
0.507472
0.100962
0.105996
0.254053
0.061634
0.039442
0.078127
0.141230
0.205272
0.006792
0.211452
0.363717
-0.256611
0.174640
-0.007851
0.112610
0.049035
0.230163
0.000707
0.126240
0.031478
-0.001740
0.031542
0.362188
0.084292
-0.242240
0.008012
0.335408
0.195536
0.187344
-0.172250
0.128983
0.027555
-0.013718
0.005309
0.256189
0.101114
0.019035
0.252843
0.193513
0.070012
0.324809
0.098377
0.137867
0.000661
0.143057
0.271344
-0.127339
0.103371
0.045837
0.089275
0.002217
0.110741
0.104780
0.266853
0.210625
0.077654
0.146752
0.216766
0.131299
0.174105
0.127970
0.084372
0.016138
0.156712
0.222563
0.135695
0.001712
0.056838
0.107560
0.037616
0.068876
-0.000147
-0.015485
0.040890
-0.002837
-0.082988
0.130422
0.177157
0.317048
0.156993
0.251198
0.196693
0.159672
0.011579
0.335611
0.151618
0.416680
0.127631
0.188067
0.113763
-0.009619
0.116158
-0.092239
-0.002195
-0.040983
0.001300
0.126779
0.061628
0.121187
0.311094
0.002743
0.327814
0.014740
0.225240
-0.028877
0.066558
0.222215
0.055187
0.016242
0.320253
-0.018366
-0.046259
0.116666
0.361555
0.063283
0.079615
0.084253
0.060801
-0.173491
-0.005237
0.085536
0.084631
0.018043
0.140146
-0.047394
0.257246
0.231204
0.117197
0.006148
-0.286903
0.057191
0.083241
0.171367
0.275579
0.062983
0.165928
0.112773
0.002702
0.170477
0.111325
-0.085912
0.172535
-0.160343
0.127009
0.096263
0.041622
0.466515
-0.075361
0.090306
0.537731
0.108719
0.157507
0.102242
-0.011215
0.115757
0.102991
0.044506
0.219509
0.144599
-0.028934
0.237407
0.050406
-0.072325
0.122610
0.127582
0.251319
0.139236
0.100001
0.004899
0.199502
-0.003578
0.133849
0.358925
