10
200
-0.582930
0.380550
1.651849
-0.300032
-0.125399
-0.815295
0.149638
-1.342090
-0.134418
-0.645203
-0.362253
-0.009457
0.157527
-0.465646
0.821578
-0.399250
-0.679441
1.065133
-0.153107
0.067595
0.280083
-0.148924
0.592360
0.060832
0.723476
0.782869
-1.455428
1.106383
-1.092193
1.537634
0.293128
-0.272530
0.187417
0.082925
-0.559081
0.009472
-0.179123
0.473035
-0.253864
-0.480756
0.228202
-0.307755
-0.814791
-1.454598
0.073718
-0.475335
-0.430658
-0.128264
-0.168658
1.271192
0.457309
0.575804
-0.453781
-1.382946
0.850637
-0.543722
0.371501
-0.476570
-0.356470
0.156689
0.022592
0.616394
0.916714
0.154194
-0.625098
-1.275311
-0.504352
-1.511907
-0.266891
-0.173153
-0.147847
0.459029
-0.727163
-0.315157
-0.021254
-0.512257
0.299882
0.100736
1.716197
0.890652
0.800739
0.886590
2.230695
-0.688105
1.082342
-1.475683
0.663010
1.085797
0.186466
0.165844
-0.164978
-0.820292
0.407175
0.118826
-0.090610
-0.223282
0.057875
0.061243
0.105685
-0.350478
-0.311931
0.180442
-1.145954
-0.576489
1.135809
0.432055
0.369508
-0.709543
0.881081
1.463569
-0.264186
-0.162030
1.135031
0.422849
0.743694
0.359226
0.041602
0.047106
-0.234057
1.159635
-0.141481
0.374466
0.149995
-0.326416
-0.361580
0.328112
-0.980279
-0.789995
-0.969866
-1.183518
-0.615496
-0.145063
0.082329
-0.537897
-0.153469
-0.247559
-0.151934
0.145092
-0.621343
0.020464
-0.405591
-0.106581
0.638609
0.248955
0.844604
1.531262
-1.330160
0.352440
-0.017661
0.387019
0.418401
-0.894981
-0.501652
-0.182262
-0.867025
-0.200979
-1.026674
0.954751
-0.143881
-0.874005
-0.026649
-0.442087
0.742762
0.213090
0.148699
-0.414606
-0.214691
1.169741
0.376669
-0.439208
0.450172
0.136365
-0.009341
-1.144651
-0.471718
0.003056
-0.782539
-0.706650
-0.603038
0.338695
0.228664
1.702923
0.170429
-0.826477
-0.072266
-0.635992
0.252041
-1.697484
0.247552
0.517915
0.212629
-1.433480
-1.314143
-0.506087
-0.020949
-0.070841
-0.153068
0.125075
0.045168
0.305146
-0.086762
-0.543314
-1.182693
0.715758
-1.881926
-0.979910
0.196559
-0.527141
0.265096
0.794157
-0.247205
1.132326
-0.227261
-1.397932
-0.238986
-0.728808
-0.706773
-1.035644
-0.400489
0.044374
-0.919800
-0.087877
-0.283553
0.081941
0.855146
0.070126
0.989752
-0.674137
0.723350
-1.482060
0.022667
-0.079720
0.380819
0.415520
0.952789
0.068268
0.471120
0.724813
-0.986249
0.137659
0.232821
1.510371
-0.471938
0.687357
0.005114
0.252076
-0.521892
0.183271
0.130645
-0.011274
0.013615
-0.349770
-0.219560
0.556523
0.347028
0.836468
-0.806136
0.370463
-0.174344
0.029474
-0.188370
-0.528102
-0.459196
0.374541
0.292420
1.698469
-0.415583
1.850256
1.382425
-0.583457
0.173057
-0.731915
0.374245
-0.999428
0.383583
-0.231882
-0.790073
-0.157301
-0.523682
0.106357
-1.081350
-0.674771
-1.113205
0.362602
-1.182479
-0.609149
-0.006418
-0.000433
-0.695813
0.309449
-0.333870
1.384021
-0.196376
0.007034
-0.123574
-0.635464
0.157867
0.441542
-0.234701
0.031114
-0.084601
-0.171135
0.291038
-0.069094
-0.011454
0.503190
-0.384963
0.934535
-0.108679
1.373578
-0.104690
1.684504
0.464580
0.772022
-0.018634
-0.954201
-0.057984
-1.593905
0.295084
-0.539183
-0.195778
-0.494849
-0.080286
-0.082836
-0.484387
-0.059595
1.658614
-0.518664
0.676880
-0.531313
-0.006809
-0.827652
0.154687
0.721294
0.236286
0.160988
0.518824
-1.700933
0.264577
-0.222849
1.032263
0.069984
-1.002197
0.164779
-0.828906
-0.648558
0.798490
0.665793
0.249285
-0.249598
-0.101308
0.046590
1.437098
0.407844
0.321251
-0.126801
-1.513261
-0.412212
0.443336
1.039172
0.527408
0.048344
0.035195
0.345241
-0.012848
0.764933
-0.340753
-1.059165
-0.986883
-0.076900
-0.929597
-0.816560
-0.178772
1.835570
0.423420
0.097803
1.142899
0.151305
0.053796
-0.018098
0.179284
0.278144
0.349151
0.248722
1.081223
0.415687
0.027875
0.322499
0.068587
-0.566856
0.200900
1.042321
0.980236
0.783420
-0.322495
0.131936
0.688342
-0.182411
-0.158564
0.690503
0.542451
-0.325859
0.036450
-0.502716
0.041584
1.862007
-0.007823
-0.717612
0.650716
-0.367011
0.043081
-0.964122
0.194729
-1.362718
-0.613605
0.219598
-0.120599
-0.397854
1.413526
-0.011392
0.548906
0.073654
0.086119
-0.185384
-1.117394
0.514136
-0.205768
0.381521
1.555910
-1.324660
-0.921954
-0.043123
-0.259192
-0.548406
0.016280
-0.198646
1.846301
0.880931
-0.294295
0.472608
-0.232664
-0.226829
1.710858
1.160751
0.072282
-0.158349
-0.041264
0.112209
-0.122836
-0.308612
-0.373702
-0.698901
-0.685083
0.858315
-0.377104
0.233138
0.872493
-0.276866
0.867647
-0.133391
-0.009577
-0.780724
0.248776
1.919592
-0.450541
-1.331431
-0.100473
-0.227576
0.534036
-0.523617
-0.065928
0.316431
-0.491276
-0.086586
-0.291097
0.263592
1.059919
-0.546273
-0.641793
2.211879
1.080665
-0.261372
-0.570931
-0.299780
0.877026
-0.410602
-0.387731
-0.216607
0.930900
-0.019812
0.479489
1.077792
0.099386
0.145478
-0.325766
0.378167
0.161267
0.187689
0.227647
-0.261130
0.281503
-0.757228
0.503024
1.139284
-0.188186
-0.221381
0.100280
0.023515
0.004981
-0.297105
-0.071404
-0.181334
-0.740651
0.011347
-0.130050
0.647423
-0.335160
-1.120446
0.231653
-0.278957
-0.146294
0.074534
-0.128836
-0.188167
-0.531130
0.337900
1.237187
0.023119
-1.696421
1.083373
0.047185
0.763282
-0.149001
0.093530
0.002600
0.349586
-0.541217
-0.517721
-0.100194
-1.826392
-0.357135
0.312846
-1.478580
0.413469
1.326502
0.915742
-0.529551
-0.878540
0.074787
-0.160544
1.992760
-0.023972
-0.547633
0.415476
-1.509361
-0.063319
-0.846056
-1.725999
-1.253309
-0.313316
-0.391840
1.642175
-0.323144
0.450866
0.221452
-0.617123
0.394587
-0.769412
-0.522841
-0.910218
-0.796861
-0.015039
-0.262581
-0.333666
0.445824
-0.108980
0.366623
0.321840
0.537207
0.339887
-0.079104
0.074907
0.053759
0.068848
-0.305515
1.371577
-0.699361
-0.149483
-0.243920
0.415020
0.100412
0.136816
-1.453493
0.823212
0.039664
0.028760
0.043835
0.021561
-0.525717
-0.301996
0.304873
-0.381015
-0.648080
-0.170163
0.637031
0.445524
0.010109
0.292312
-0.512820
-0.556251
-0.187125
-1.154819
0.221596
0.726209
-0.951542
-0.203323
-1.060100
0.191863
1.693162
0.048188
0.229321
0.228618
-0.376727
-0.174030
-0.157646
0.001646
0.560985
-0.377728
-0.619671
1.859538
-0.493918
0.071911
0.328097
0.443924
0.505030
0.177532
0.661760
-1.417652
0.283224
1.144085
-0.227579
-0.154307
1.244974
1.054655
0.184416
-0.439054
-0.044359
-0.092865
0.022180
-1.109501
-0.343793
-0.947283
-1.426034
0.198664
0.064361
0.557881
-0.405802
0.783835
-1.155379
0.005716
-0.467053
0.137481
0.169591
1.143866
-0.485543
0.386491
-0.763630
0.421665
0.639351
1.860865
-0.078522
-0.454353
0.847171
0.442546
0.447748
0.189571
-0.104279
-1.679388
-0.379785
0.158730
0.772978
0.289786
-0.694700
0.213506
0.569827
1.234806
-0.225614
-0.489048
0.037279
-0.015047
0.172553
-1.560540
-0.107172
-0.096624
0.331342
1.146546
-0.188918
-0.123429
0.145176
-0.030318
-0.027227
0.220175
-0.954659
-0.077799
-0.869325
0.954033
0.934381
0.567927
-0.261112
0.438062
0.012961
0.357883
-0.419452
0.988828
0.002783
0.501027
0.173868
-0.380173
0.288270
-0.866792
-0.071996
0.467177
0.090752
0.651626
0.937039
-1.119571
-1.006647
0.775641
0.740539
-0.332807
-1.217081
-0.678296
-0.112079
0.453363
0.636916
-0.124262
0.585761
0.994587
0.056090
0.222728
0.752254
-0.311274
0.866645
-0.137728
-0.523028
-1.058814
0.761598
-0.492311
-0.353416
-0.237489
-0.448171
-0.039797
-0.061427
0.437164
0.888506
-0.071921
0.797598
-0.559923
0.830077
-0.138037
-0.481953
-0.229340
-0.876159
-0.194197
-0.032408
0.768226
-0.100927
-0.397154
-0.341407
-1.018034
-0.178061
1.197556
0.189138
0.163764
0.682993
-0.355152
0.796675
-0.077902
-0.063830
-0.448935
0.049599
-0.773967
0.279595
1.739435
0.267406
-0.266967
0.496092
0.824363
0.509182
-0.130184
-0.176331
0.865799
-1.497414
0.937068
-0.292436
-0.330671
-1.146227
-0.186989
0.343720
-0.045799
-0.520270
-0.780959
-0.309081
-0.093539
1.549676
-0.503299
-0.045711
-0.059044
-0.285974
-0.150006
0.185104
-0.467234
-0.203379
-0.573547
0.975725
-0.470704
0.360193
0.509940
-0.108436
-0.183073
-0.710918
0.773916
-0.078889
-0.057338
-0.797735
0.034284
0.485155
-0.651380
-0.966867
-0.887743
-0.380577
0.049856
-0.144543
-0.240928
-0.299368
0.186719
-0.296258
-0.448007
1.395248
-0.137446
0.026171
0.030193
-0.577943
0.614016
-0.221460
-0.440351
-0.314762
-0.041859
-0.097898
0.130155
0.475090
1.641633
0.519056
0.037074
0.069785
-0.103016
0.055523
-0.276260
2.646504
0.176063
0.167665
0.955143
0.121244
0.466578
0.717710
1.051316
-0.573158
-0.161027
-0.094076
1.435236
-0.135431
-0.427266
0.131710
-0.436850
-0.079064
1.188491
-0.778552
0.045173
-0.657761
-0.781904
-0.537841
-1.154392
0.048723
-0.764558
-1.201839
1.293481
0.096687
-0.463028
-0.554068
-0.118737
-0.614115
-0.646841
-0.067148
0.051051
0.212373
-0.576624
0.300811
0.141446
-0.200634
-0.088065
0.147410
-0.104369
-0.895968
-0.159174
0.275654
0.264294
-0.095704
-0.405830
0.054936
0.044691
-0.338610
-0.018121
-0.925891
-1.791240
-0.360516
0.831274
-0.294320
0.686674
-0.091109
-0.577710
-0.226637
-0.727516
0.051772
-0.089359
-0.221917
-0.402840
1.458359
-0.572843
-0.257989
0.485400
0.476870
-0.958420
0.158451
-0.163976
-0.250021
0.276312
-1.205115
-1.395450
1.211224
0.653377
-0.035871
-0.283346
0.812553
0.162985
-1.236271
-1.430593
0.430991
0.449986
0.113764
0.014668
-0.678961
-0.017280
-0.401819
-0.586883
-0.140014
-0.134288
1.459768
0.725902
0.058546
-0.083835
-0.706893
-0.082614
-0.361164
-0.413783
-0.018513
0.727088
-0.045898
-0.502839
-0.108714
1.937092
0.281423
-0.958977
-0.265804
-0.335693
-0.606430
0.003338
-0.953672
2.421757
-0.119708
0.029163
-0.246258
0.007388
-0.457966
-1.074362
-0.068445
-0.347890
-0.376975
-0.020917
-0.280023
0.200487
0.002781
0.112719
1.111712
-0.910289
-0.252198
0.034136
0.995409
0.185821
0.812683
0.375960
-0.628020
1.649916
-1.439392
0.205598
-0.361905
0.291168
0.210930
0.718923
0.047421
-0.108563
-0.126189
2.048047
-0.026270
1.283083
-0.403751
0.393086
0.069435
-1.123556
-0.513911
-0.080395
0.526238
-0.738109
-0.541192
-0.022425
1.191991
-0.020522
-0.144477
-0.022870
1.061051
0.464656
1.519299
-0.242436
0.198336
-0.038301
-0.199584
0.112299
-0.249921
-1.108826
-1.175598
0.425914
-0.188453
0.314441
0.168318
-1.042320
0.130407
0.181946
0.695299
-0.093333
0.098165
-0.048617
0.642216
-1.138120
0.679428
-0.694264
0.194561
0.116383
-0.178777
1.009013
-0.203043
-0.061081
0.216541
1.024718
0.758571
-1.857584
0.099333
-0.723087
1.113236
1.984433
-1.673332
0.348899
0.102619
0.194054
0.352180
-0.056056
-0.144767
0.035851
0.100970
-0.970926
-0.099981
-0.745616
0.035975
0.424630
-0.263543
-0.101025
0.163605
1.216178
-0.495876
0.461312
-0.275411
0.001475
0.851482
0.030837
1.174633
-0.182354
-0.321977
0.394681
0.116892
0.005299
-0.190814
0.025761
0.062317
0.140504
0.691534
0.609146
0.231201
-0.095743
0.725342
0.844063
0.956980
-0.120393
0.088078
-0.519520
-0.371363
1.042054
-0.304325
-0.142685
0.211190
-0.522771
0.869495
0.507747
-0.235680
0.280194
0.178612
0.412871
0.551837
0.598714
-0.491624
-0.901073
-0.055822
0.498568
-0.599027
0.089104
0.155765
0.172397
-0.235464
-0.743343
0.641382
1.865360
-0.048992
1.484057
0.164258
-0.089039
0.862731
0.186246
-0.959856
-0.565215
0.064322
-0.419822
0.229664
-0.047854
-0.204191
0.544028
-0.437300
0.271771
0.476774
-0.018958
-0.638997
0.270217
0.868870
1.023657
0.424944
-0.379781
0.798493
-0.476089
-0.243149
-0.503897
0.072616
-0.366583
0.396076
0.841765
0.920011
0.960405
-0.147428
-0.395297
-0.346885
-0.148086
-0.184486
-1.118734
-0.248277
-0.039389
-0.132656
-1.044275
-0.169597
-0.386222
-0.004156
-1.238940
0.106296
-0.555061
0.298219
-0.225353
0.499126
-0.262067
-1.534577
-0.112731
0.078464
0.138979
-0.950964
0.072391
-0.846467
0.578637
-0.564613
-0.334191
0.105931
-0.331905
0.646478
0.348379
0.189963
0.149180
-0.244067
-0.453871
-0.492152
1.743554
0.077524
-1.169483
0.241359
0.596719
0.385053
-0.933922
-1.330206
-0.149136
-1.006630
-0.372622
-0.467735
0.029730
1.090833
-0.351991
-0.962912
0.688982
1.110791
0.408388
0.582801
0.314162
-0.089476
0.210963
-0.578354
0.080429
-0.719725
-0.129782
-0.061063
-0.732140
0.005738
-0.412303
-1.290213
-0.720937
0.049952
0.903177
-0.278030
-0.093804
0.152692
0.062615
-0.943727
0.584790
0.871202
-1.727676
-0.450022
0.384917
0.729461
-0.966039
1.553609
-0.064652
0.291215
-0.510547
-0.724148
-1.130257
-0.986842
0.519781
1.070572
-0.355042
-0.794940
-0.382134
-0.112576
-0.045296
-1.413893
-0.136302
-0.270145
-0.304493
-1.160195
1.249316
-0.291011
-1.425958
-1.372957
0.397182
-0.103059
-0.235026
0.635371
-0.771669
-0.787311
0.369625
-1.099281
-0.239070
-0.831237
-0.971181
-0.595038
0.084392
0.050262
-1.141202
0.123855
-0.314372
0.152200
-0.089609
-0.219533
1.355599
1.366253
-1.015123
0.174037
-1.239587
-0.207746
0.183335
-0.647777
-1.375881
0.167374
-0.499358
0.621120
-0.585680
-0.043396
-0.179546
0.581547
0.507825
-0.620510
0.873720
-0.098738
0.511959
0.146777
0.639625
-0.844353
-0.505583
-0.394623
0.567509
1.243251
1.255236
0.191310
0.968735
0.294845
-0.005410
-0.526653
0.188902
-0.663569
0.749934
0.174505
-0.158972
-0.353114
-0.282158
0.210028
0.278457
0.199212
1.513588
0.766298
0.687777
0.095084
0.048537
1.941383
0.551394
-0.209647
1.180027
-0.287718
-0.199764
0.186227
1.459943
-0.440838
-0.463554
0.485123
-0.159313
-0.010917
0.342856
-0.060791
-0.882440
0.033806
1.323426
-0.538762
-0.883040
-0.383003
-1.156534
0.022175
-0.504773
0.154224
0.581724
-0.379604
0.114857
-0.473448
-0.179675
0.071400
0.217522
-0.225234
-1.039042
-0.090896
-0.548232
1.045760
0.842597
-0.113078
0.468389
-0.018609
0.579178
1.210623
-1.147569
-0.593020
-0.155029
0.729657
-0.028696
-0.036064
-0.239787
1.028635
0.397695
0.576446
0.237532
-0.211565
-0.765817
-0.299463
0.365143
0.933619
0.313313
1.011103
-0.777918
0.063226
-0.439155
-0.865278
0.782062
2.434660
-0.278567
-0.197337
0.152631
-0.582727
0.759573
0.274745
-0.036303
-0.809577
-0.095872
1.180975
-1.018820
-1.009377
-0.894619
-0.564136
-0.065662
-0.040653
0.036027
-0.103145
0.036633
-0.247218
1.151429
-0.078218
-0.073748
-0.056967
0.000397
-0.210158
0.570735
-0.225588
-0.052305
0.250161
-0.113030
0.083397
1.961577
-0.060547
-1.131943
0.165148
0.606360
-0.313313
-0.465584
-1.978672
-0.328958
-0.740676
-0.197787
-0.364581
-0.039345
-0.376183
-0.892033
1.821509
-0.528369
0.839126
-1.930514
-0.773629
-0.586493
0.113975
0.136023
0.614148
-0.138276
0.419376
-0.198281
1.276274
0.558110
-0.020449
0.753827
1.723364
-0.449275
-0.250130
0.909931
-0.687001
-0.860318
1.796111
-0.243951
0.150237
0.158578
-0.662982
1.037339
-0.996895
0.023506
0.167233
-0.118651
-0.102985
-0.304817
0.220292
0.112734
0.199151
-1.080779
-0.461522
-1.268567
-0.052715
0.679004
-0.690340
-0.327243
0.169010
0.044335
-0.089346
0.550533
-0.105138
0.032665
-0.325651
-0.023854
-0.238314
0.901176
-0.090494
-0.941509
-0.124475
-0.554183
0.006071
-0.124071
0.553571
0.528275
0.313571
0.258123
0.591447
-0.248546
1.324298
-0.167432
-0.515684
-0.065263
0.538634
0.027054
1.064022
-1.020084
-0.456504
-0.327369
0.348125
0.172544
-1.691834
-0.091245
0.021232
-0.943682
-1.147617
-0.127114
0.304257
-0.246766
-1.117174
-0.674169
0.121457
0.005704
0.241690
0.034950
0.180973
-0.859790
-0.380595
0.706894
0.630097
0.339662
0.086789
-0.275923
-0.132900
-0.019841
0.450791
-1.025225
0.817808
-0.119564
0.069586
-0.097746
-0.281799
1.372100
-1.479375
-0.190094
1.349748
-0.050828
0.441436
0.094583
0.219432
-0.621502
0.173663
0.661362
-0.400019
1.145879
-0.897871
0.786638
-0.094457
-1.862812
-0.168386
-0.385823
0.979842
0.173458
0.482894
0.059179
0.287642
0.023745
0.659746
0.990606
0.416795
-0.661337
0.170334
0.172084
0.654025
0.532302
0.251548
0.119571
0.166398
0.657499
0.326410
-0.248412
-0.150436
1.299500
0.269420
-0.324518
-0.455527
0.757885
-0.195136
-0.120048
1.239592
-0.451984
0.144499
-0.024835
-1.790458
-0.525389
-0.230478
-0.308891
0.851097
-0.474373
0.606131
-0.377788
-0.307526
-0.214751
-0.813776
0.057804
0.076782
-0.918420
1.187451
-0.577600
-0.199043
-0.411387
-0.262684
0.197142
-0.044004
-0.370605
-1.078620
0.179010
-0.248927
-0.572935
0.550655
0.106346
0.437887
0.332969
-0.478616
0.021785
1.230621
0.201247
-1.467087
-0.108803
0.883703
-1.261354
-1.169266
-0.436308
-0.976443
0.123193
-0.434238
-0.018695
-0.106692
0.281744
0.212377
0.276558
-0.550246
1.460371
0.115254
0.073122
0.629320
0.078812
-0.332475
-0.658842
-0.247497
-0.143536
0.579614
0.005877
0.009640
-0.641615
0.612338
0.514690
0.435659
-0.076468
0.293903
-0.355543
0.192423
-0.146640
0.125096
0.207990
-0.291860
0.023528
0.174777
0.809203
-0.438867
0.839039
1.032694
-0.285782
-0.007711
-0.913006
-0.501314
0.359499
0.214625
-1.256606
-0.229847
-0.348177
-1.031922
-0.844830
-0.139604
-0.620475
-0.411945
0.427495
-0.254630
0.584656
0.118987
0.896298
0.176145
0.082028
0.197470
-0.436661
-0.346780
0.113888
-0.488185
0.953192
-0.813835
-0.019208
-0.092660
-0.430932
0.293275
0.665310
-0.159791
1.511552
0.094509
-0.591292
-0.559389
-0.099436
0.753143
-0.174900
0.275398
1.254356
1.690552
-0.881572
-0.262335
-0.275098
-0.018098
0.722554
-0.414862
-0.622258
0.139119
0.252124
1.448589
-0.186429
0.371329
-0.610198
-0.394741
0.074212
-0.661507
-0.163290
0.100861
0.002964
-0.617090
1.326657
0.175953
0.896053
0.338415
0.187086
0.075076
-0.255289
1.194422
-0.376783
-1.348472
-0.194925
-0.288265
-0.201073
0.131132
0.107354
-0.054453
0.544120
-0.405545
0.019304
1.331806
-0.464815
-0.150020
-0.858693
-0.499341
0.908863
0.525114
0.917624
-0.213834
-0.098126
-0.276444
-0.085892
0.357294
-1.143825
0.168469
0.330161
0.716841
0.176462
0.281073
-0.388815
-0.079483
0.509400
-0.679946
0.143117
-0.139403
-1.230519
-0.137701
1.401796
0.646092
-0.366154
-0.199948
0.960618
-0.319015
0.128968
0.505423
-0.088935
0.490621
-0.185011
0.693900
-0.045840
-0.759735
0.212260
-1.763497
0.517616
-0.750796
0.025517
0.170063
-0.088399
0.310292
0.331048
-1.069757
0.567108
0.046325
0.046893
-0.219070
-0.301180
0.493277
-0.019034
0.028056
0.178659
1.003402
-0.106012
-0.343838
-0.537140
0.495007
1.180970
0.863807
0.418277
-0.162027
-0.727207
0.385676
-0.385533
-0.840725
0.033425
-0.689761
-0.120019
0.697013
-0.264106
0.596659
0.444094
-0.182336
-0.029003
1.002674
-0.872998
-0.120826
0.445755
0.676963
0.163618
-0.375513
-0.169690
-0.588222
1.454261
1.337366
0.649937
-0.753144
0.154872
0.844627
1.236911
-0.626153
0.428892
-1.088313
-0.909330
0.410011
0.075327
-0.020111
1.180068
0.566003
0.057736
0.260739
0.240789
-0.198104
0.183448
0.021432
-0.464450
-0.034437
-0.293027
-0.353528
1.558522
-0.509241
0.361458
-0.109540
-1.138005
-0.472586
-0.116767
0.030158
0.073514
1.233671
0.053316
-0.136925
-0.708734
-0.213832
0.704049
0.150268
-0.229848
0.229787
-0.421191
0.149223
-0.456022
0.140046
0.965686
-1.513730
1.310349
0.219468
-1.415346
0.382515
1.002995
-0.148572
-0.268779
-0.191821
-0.079531
0.297077
-0.933033
0.182798
0.890457
0.020134
0.040931
0.061937
-0.359600
1.116040
-0.296709
-1.411281
0.302243
-0.054056
0.372055
-1.466703
-0.001841
0.494901
-0.801128
0.452242
0.153819
0.179024
0.434018
0.004656
-0.330801
-0.449808
0.167828
0.520997
0.324122
-0.055664
-0.330904
-0.055127
0.309840
0.893130
-0.410317
0.848727
0.539537
0.052391
-0.297256
0.121976
0.404809
0.078150
-0.681307
0.543769
0.033212
-0.202519
-0.399964
-0.265669
-0.529191
-0.202317
0.105666
-1.044480
0.347437
0.104046
1.576048
-0.268621
-1.409794
0.730642
-0.429433
0.352314
0.107745
0.030383
0.083885
-0.329152
-1.348894
