800
1
0.000674
-0.000295
0.006052
-0.000758
0.007306
0.000742
0.003576
0.004134
0.006868
-0.003443
0.002730
-0.005792
0.001874
0.006817
-0.008440
-0.001823
-0.003598
0.002035
-0.002602
-0.003718
-0.006899
0.010001
0.000817
-0.011309
0.008498
-0.002116
0.006008
-0.000129
0.000158
-0.002445
0.000285
-0.006722
-0.003358
0.000600
0.000110
-0.008860
0.007373
-0.001712
-0.001918
-0.000339
-0.002696
0.000189
0.000859
-0.021142
0.006694
-0.006476
-0.008738
0.017191
0.002706
0.001402
-0.000285
-0.008629
-0.001031
0.003053
-0.021414
0.006893
-0.007627
-0.004961
-0.009148
0.009820
0.001013
-0.008652
0.003985
-0.003279
0.002590
0.006388
-0.000645
0.002518
0.004292
0.000646
-0.001620
-0.018521
0.002862
0.002876
0.000797
-0.000589
0.003389
0.001017
-0.001575
-0.001280
-0.000661
-0.007225
-0.003455
0.000140
-0.009576
-0.001092
-0.009010
0.001593
0.003208
-0.000659
-0.003482
-0.000735
0.002170
0.000136
0.008858
0.007709
-0.000785
0.000320
0.003327
0.000472
-0.001082
0.001389
-0.009624
0.001307
0.007696
-0.005313
-0.003442
0.001091
0.008819
0.002040
-0.004316
0.009324
0.000752
0.006161
-0.000229
0.008151
0.007831
-0.001969
0.004430
-0.002774
-0.003755
-0.001794
0.000570
-0.009808
0.009509
-0.004510
-0.006011
-0.000750
0.000738
-0.002311
-0.001036
-0.003407
0.006178
-0.002759
0.002135
-0.000005
0.001831
0.003572
-0.007240
-0.004657
0.001130
0.006612
0.013901
0.010392
0.006552
-0.011620
0.000859
0.006001
-0.002133
0.015966
0.004214
0.002659
0.000412
0.006798
-0.001072
0.008673
-0.001963
0.004426
-0.006465
0.009453
0.008108
-0.003276
0.001622
-0.002352
0.003431
0.000778
-0.005292
0.000887
-0.005344
0.000007
-0.003321
0.000356
-0.004605
0.013977
-0.010855
0.008441
0.000606
-0.001681
0.009343
0.006377
-0.001473
0.000105
-0.004261
0.001759
0.004191
0.007701
-0.005552
-0.005416
-0.000518
-0.001697
-0.003225
-0.004312
-0.015506
0.005017
-0.000859
0.000181
-0.001713
0.015125
-0.003075
0.001213
0.000068
-0.004946
0.001912
0.010138
0.008051
-0.002520
0.007771
0.000223
0.000069
-0.010900
0.011305
-0.000255
-0.000055
0.000480
-0.002494
-0.002544
0.000199
0.000222
-0.000885
-0.000756
-0.000920
0.005304
-0.002036
0.000105
-0.001454
0.001206
-0.000205
-0.012297
-0.000822
0.010290
0.005617
0.004013
-0.020786
0.007422
-0.002123
0.007266
-0.000796
-0.000286
0.013276
-0.008611
-0.000656
0.000066
-0.000249
0.000552
0.001550
-0.002440
-0.007028
0.003617
0.001526
-0.000189
-0.001609
0.005914
-0.004042
0.004938
-0.003135
0.002070
0.006282
0.003535
-0.004771
-0.000082
0.004510
-0.000539
0.005379
-0.006227
0.003657
0.001266
-0.004173
0.000047
-0.001243
0.003823
0.009483
0.000230
-0.003486
-0.009828
-0.007841
-0.000090
-0.007129
0.000369
0.003456
0.005863
0.011907
0.000227
-0.001924
0.002748
-0.011022
-0.002637
0.006560
-0.005598
-0.003789
-0.008048
0.002039
-0.002304
-0.000458
-0.015848
-0.003778
0.006162
-0.006245
-0.003813
0.000496
0.000503
0.005246
-0.006461
-0.000106
0.001625
0.006652
0.007150
-0.008182
0.010862
0.005194
0.007960
-0.008530
0.002608
0.003265
0.000873
-0.003306
-0.012016
0.000443
0.000838
-0.004666
-0.000130
0.000876
-0.000636
-0.007281
-0.002545
0.000289
-0.002368
0.001151
0.003904
0.001231
0.000147
0.017634
-0.013596
-0.005613
0.000847
-0.000793
-0.001034
0.002836
-0.018509
0.002643
-0.003158
-0.010307
0.009560
-0.010567
-0.001125
0.002171
-0.002149
-0.003380
0.003826
0.000858
0.000267
-0.001035
-0.010567
-0.001513
0.010870
0.011318
0.007789
-0.010247
-0.003518
-0.001509
-0.015319
0.002438
-0.004697
0.000243
0.005239
-0.004640
0.003339
0.001195
-0.003422
-0.002990
0.001046
-0.008107
-0.013561
0.000694
0.006349
-0.006623
-0.003937
-0.008219
0.005149
-0.003110
0.005462
0.006321
0.002898
-0.020784
0.001151
-0.005392
-0.000130
0.003274
-0.009838
-0.007927
-0.001933
-0.000407
0.005403
-0.008254
0.001683
-0.012027
-0.004344
0.002534
-0.005739
0.003077
-0.003367
0.000126
0.003674
-0.000945
-0.002339
-0.001600
0.011416
0.000440
0.003209
-0.003647
0.008657
0.000619
-0.004732
-0.006726
-0.009593
0.003728
-0.011653
0.007593
-0.001387
0.001901
-0.005563
0.006005
0.001127
0.006065
-0.015408
-0.007161
-0.000217
0.008343
-0.009892
-0.002565
0.004184
-0.000810
0.004463
-0.003479
-0.012363
0.007338
0.003100
0.005492
0.002608
-0.000316
0.000015
-0.009059
0.000542
-0.010990
0.004629
0.007066
0.010258
-0.005245
0.003090
-0.000166
0.000804
-0.005631
-0.000233
0.002723
-0.001286
-0.001868
0.003276
-0.000583
-0.014845
-0.000191
-0.010869
0.003789
0.006838
-0.001919
0.003597
-0.001715
-0.014102
0.013426
-0.002195
0.000664
-0.000872
0.006632
0.000844
-0.006233
0.000180
0.002798
0.003168
-0.002677
0.000811
-0.001728
-0.001591
0.007922
-0.005776
0.009494
0.000022
0.002958
0.003822
-0.000164
0.011000
-0.019142
-0.010515
-0.000915
0.001637
0.003221
0.001045
0.002456
-0.009578
0.002568
0.000200
-0.001064
0.009470
0.007775
-0.008579
0.003597
0.004439
-0.001408
-0.008801
0.000047
0.001441
-0.000217
0.007528
0.000340
0.000079
0.000198
0.006194
0.005457
0.005779
-0.003108
-0.001727
-0.000037
0.005490
-0.002023
0.003714
-0.001971
0.001011
-0.001146
-0.007109
-0.006396
-0.002153
0.006850
-0.003454
0.000008
-0.017465
0.012608
-0.001402
-0.001533
-0.000473
-0.001764
0.000111
-0.001048
0.007671
-0.008231
-0.008404
-0.000235
-0.000584
0.003142
-0.000573
0.001184
0.000501
0.006052
-0.003200
0.001904
0.010835
0.009465
-0.005710
-0.008814
0.000305
-0.005682
0.000144
0.001270
-0.003060
-0.001062
-0.006270
-0.004804
-0.000095
-0.002979
0.006668
0.013092
-0.014438
-0.000781
0.004117
0.004653
-0.005193
-0.002141
-0.003426
-0.001277
-0.006618
0.003108
-0.005361
0.013527
-0.001313
0.005209
-0.004994
0.001247
0.002600
0.004790
-0.002158
0.002099
0.004566
-0.001135
0.002625
-0.001400
0.007646
0.007336
-0.006213
-0.001657
0.004683
0.005436
0.001776
-0.000464
-0.000718
-0.008098
-0.004609
0.003380
0.005261
-0.002838
-0.008988
0.005536
-0.002295
0.006003
0.006219
0.009464
0.009136
0.000566
-0.000126
-0.003799
0.007557
-0.001410
-0.009489
0.011106
0.005986
0.003548
0.003933
-0.008154
-0.004061
-0.005917
0.002661
0.004860
0.000833
0.000384
-0.001631
-0.014172
-0.004470
0.002833
0.002027
-0.007938
0.008662
0.010363
0.008446
0.000005
-0.002820
-0.007804
-0.006307
0.004396
0.005820
0.005649
-0.001037
-0.000100
-0.012198
0.004567
-0.000732
-0.008865
0.000275
0.004465
0.002285
0.006786
-0.001777
0.000097
0.006354
-0.003722
0.004353
-0.001732
0.007358
-0.002833
-0.000981
0.004893
-0.004243
0.001500
0.000600
0.000040
-0.008990
0.003535
-0.000247
0.003835
-0.003476
0.000655
-0.002705
0.010292
-0.005123
0.003810
0.003844
0.003716
-0.005628
0.001626
0.001363
-0.001231
-0.001725
-0.001101
0.000839
0.000159
0.000590
-0.000038
0.000253
-0.007351
-0.001170
0.002954
-0.001248
0.001256
0.001590
-0.004597
-0.001055
-0.008779
0.001233
0.003465
0.002129
0.004006
-0.000888
-0.003439
0.002887
-0.003213
0.009891
0.001333
0.000552
0.002670
0.002518
-0.013799
0.002338
0.002409
-0.002960
-0.000427
0.018627
-0.002255
-0.002378
0.000130
0.007190
0.003900
-0.004169
-0.002287
-0.011921
-0.011515
-0.000397
-0.007465
-0.001512
-0.000728
0.006673
-0.006205
-0.004062
0.000146
0.008978
-0.016257
0.003688
0.001626
0.012986
0.003232
0.003522
0.001625
-0.014819
0.000612
0.004171
0.001977
-0.000429
0.006715
0.003489
-0.003193
-0.001285
0.004286
-0.001445
0.001946
-0.008838
-0.005433
-0.003617
0.000865
-0.003528
-0.006614
0.000294
0.007007
0.002468
-0.005163
0.000870
0.002177
-0.001662
0.004455
-0.000049
-0.000656
-0.002975
-0.000008
0.000432
-0.012491
0.001148
0.000632
0.003296
0.008849
0.007212
0.009718
0.002812
-0.002487
0.004565
0.000459
-0.000602
-0.002763
0.000038
0.003679
0.001320
-0.002537
-0.003551
0.000660
0.000021
-0.004425
-0.001076
-0.000159
0.001348
