200
1
0.098789
0.368053
-0.171938
0.115647
0.201219
-0.004734
0.005478
0.202493
0.114764
0.176408
0.205944
0.120461
0.039519
-0.109895
0.173490
-0.116222
-0.186654
-0.078824
0.152005
0.113483
0.436694
0.043284
-0.050222
-0.002399
0.204482
0.094349
-0.091473
0.022035
0.226350
0.313812
0.312062
0.214242
0.139539
0.231762
-0.010041
0.264172
-0.255879
-0.062284
-0.008746
-0.048261
0.075209
0.072859
-0.134450
0.308606
-0.053473
0.268647
0.385819
-0.190125
-0.033923
-0.056346
0.312210
0.484152
0.032421
0.028657
0.143761
0.167248
0.024203
0.266525
0.234823
0.236888
0.105423
0.002327
0.113006
0.108262
0.062078
0.128802
0.217489
0.180241
0.123012
0.110813
-0.009885
-0.036761
0.146660
-0.075777
0.105968
0.164163
-0.193138
0.068942
0.090398
0.090956
-0.162659
-0.050256
0.256850
0.403910
-0.099670
0.153830
0.189936
0.211039
0.100248
0.065941
0.198723
0.252254
0.199236
0.070651
0.092680
0.215078
0.090734
-0.035037
0.059873
0.152106
0.531797
0.264463
-0.090591
-0.028620
0.250169
0.127453
0.179193
0.099919
0.271608
0.404075
0.051153
0.187921
0.197105
0.106909
0.087955
0.098462
0.026919
-0.010571
-0.047701
0.277696
0.108058
-0.191381
-0.107965
0.019118
0.164736
0.098276
-0.156791
0.042604
0.120280
-0.194375
-0.178533
0.068098
0.208312
0.020265
0.037676
0.226658
0.038648
0.247313
0.074065
0.004289
0.121968
-0.021169
0.209524
0.350821
-0.052888
-0.086809
0.468836
0.062872
0.095808
0.199669
0.175970
0.064947
0.142156
0.044451
0.260402
0.176614
0.239914
-0.119670
0.134973
-0.145124
0.108576
0.133361
0.119049
0.242821
0.182721
0.060489
0.208530
0.177737
0.449542
0.261034
0.066715
0.149077
0.189635
-0.064686
0.051824
0.189808
-0.112795
0.125841
-0.034135
0.094128
0.212557
0.208064
0.330395
0.120306
-0.093855
-0.207389
0.284124
0.189727
0.003168
-0.033388
0.233725
0.099309
0.223528
0.231540
0.141771
0.243483
0.129161
0.097243
-0.013802
0.146785
