200
1
0.246850
0.090878
-0.148361
0.117069
-0.069987
0.063577
0.132029
0.089296
0.098539
0.004134
0.330069
0.000000
0.366672
0.449577
0.087491
0.079536
0.401994
0.055342
0.168245
0.024544
0.103062
0.148670
0.591978
0.264208
0.000000
-0.003509
0.172910
0.027838
0.054470
0.174947
0.120487
0.174363
0.115427
0.161126
0.179636
0.200454
0.117441
0.059439
0.125758
0.101878
-0.159861
0.330168
0.127954
0.170716
-0.045807
0.289006
0.169241
-0.056448
0.163531
-0.019147
0.520170
0.030145
-0.014541
-0.065298
-0.142166
0.133878
0.339287
0.042197
0.029474
-0.007339
-0.034648
0.067142
0.194834
0.007787
0.457684
-0.042292
0.103477
0.013205
-0.021748
0.225876
0.026928
0.146817
0.321043
0.367199
-0.012998
0.004666
0.295881
0.232327
0.004733
0.210618
0.186787
0.203753
0.017050
0.180615
0.211112
0.048655
0.120434
0.150763
-0.165377
0.271830
0.041260
-0.001871
0.063825
0.236256
0.133325
0.050730
0.194268
0.118539
0.106483
0.259353
0.715759
-0.148990
0.262306
0.018670
0.346418
-0.022512
0.018197
0.043521
0.219618
0.102950
0.390163
-0.003977
0.267785
-0.001126
0.235732
0.233772
0.109013
0.172014
-0.157263
-0.093613
-0.017756
0.005010
-0.125045
0.150586
0.039334
0.014924
0.158777
0.141633
-0.404515
-0.033607
0.133010
0.029818
0.181539
-0.045660
0.137647
0.133947
0.283855
0.060295
-0.085985
0.224862
0.202917
0.365563
0.009554
0.324542
0.042513
0.097160
0.339247
-0.008796
0.130414
0.086552
0.286040
0.131562
0.382448
0.225223
0.142328
0.092468
0.008369
0.088201
-0.032245
0.228409
0.156132
0.049074
0.152860
0.272092
0.431398
0.376695
0.010428
0.130737
0.295699
0.423100
-0.001358
0.092719
0.051102
0.007147
0.309443
0.000772
0.307218
0.085621
0.072620
0.313310
0.170239
0.237856
0.169787
0.002500
-0.347532
0.114722
0.168030
0.067153
0.159268
-0.183657
-0.094441
0.125196
0.155771
0.048712
0.036902
0.240325
0.055776
0.394577
0.045072
0.037060
