10
200
-0.546166
-0.308898
-0.908188
1.140485
0.598659
-1.114456
0.055582
-0.967421
0.057825
-0.495457
1.019101
0.016855
-0.993642
0.288137
0.943976
0.203888
1.328625
-0.130318
0.643002
-0.185774
-0.116902
0.320341
1.500189
0.891582
-0.191562
-0.206061
0.002593
0.889581
-0.377751
1.679687
0.232611
-0.372907
-0.230006
-0.652469
0.078233
1.229225
-0.259169
0.059734
0.244097
-0.132534
-0.900911
-0.025015
0.169762
0.210117
-0.165761
-0.464019
0.865415
-0.251768
0.518467
-0.080917
0.122207
-0.593317
0.103453
-1.318030
-1.059765
-0.610904
-1.514042
-0.054500
-0.816003
-0.011608
-0.654229
0.429611
-1.160522
0.077215
1.159845
0.235551
-0.574373
0.162168
-0.366080
-1.111550
0.245740
-0.078703
-0.391570
-0.028433
-0.346011
0.169231
0.393267
-0.072280
-0.179049
-0.312290
-0.373339
0.048201
-0.156259
0.842002
0.984444
-1.445979
0.009784
-0.717216
0.211728
0.681593
0.079612
0.123465
1.137535
0.143451
-1.003697
0.352982
1.239367
0.090926
0.537915
-0.060838
0.572682
-0.043900
-0.058617
-0.267543
0.616866
0.042722
0.132381
-1.149236
-0.965173
0.112698
-0.631261
0.118839
-1.175748
0.140926
-1.335806
-0.174515
-0.725630
-0.382583
-0.739119
2.539406
-0.064872
-0.233152
-0.089889
-0.397403
0.444401
0.534719
-0.882951
-0.797875
0.203756
-0.475062
0.105536
-0.213188
0.756177
0.507588
1.330992
1.831995
0.057346
-0.247892
-1.185241
0.116178
-0.421463
-0.537791
0.248738
-0.827918
-0.381324
-0.120959
-1.015121
-1.356921
0.079748
-0.197049
0.287564
-0.163101
-0.053770
-0.057621
0.651429
0.909164
0.005083
-1.125320
-1.133067
0.809327
0.427918
-0.640588
-0.782294
0.342308
-1.057341
-0.581419
0.054092
2.523643
-0.112616
0.474594
-0.254159
-0.332123
-0.690216
0.248055
1.678976
-0.163282
0.885169
-0.244784
0.013823
-0.110339
0.875487
0.189521
1.273707
0.001309
-0.127410
0.225273
0.088846
-0.172739
-0.984948
0.210793
0.644347
-0.096008
1.117398
-1.267562
0.202814
0.653077
-0.730877
-1.184815
0.579426
-0.323572
0.496102
0.165141
-0.654935
-0.473465
-0.859775
0.779393
0.976395
0.489058
-0.245230
-0.312711
-0.246923
-0.036782
0.288242
0.887539
-0.760884
0.155469
0.051492
-0.084895
0.282596
-0.166775
-0.397659
-0.512393
-1.023306
-1.519198
-0.047086
-0.066563
-0.977738
0.009428
0.420842
-0.807376
-0.218935
1.072673
-0.012417
-0.959837
-0.633050
0.433067
-0.079306
-0.168031
-0.976789
-0.149593
-0.826500
0.542257
0.048678
1.468008
-1.785478
-0.482784
-0.168489
0.857963
0.040486
-0.069708
1.368989
0.343607
0.157359
0.257124
-0.972603
1.361084
0.672160
-0.284462
0.304776
0.190471
-0.227715
-0.080977
0.959107
0.012909
-1.095362
0.115044
0.155039
0.091033
-0.334742
0.251233
0.020581
0.663216
1.073002
-1.002535
0.284577
0.014143
0.402496
0.167150
0.124165
0.992041
0.754345
-0.357652
-0.187441
-0.237414
-0.348922
0.804617
-0.577990
-0.892989
-0.264009
0.614433
-0.111575
0.054743
-0.596899
-0.400551
1.224721
-0.479853
-0.803637
-0.511380
-0.646705
0.660554
0.385283
-1.056802
-0.650635
-0.906277
-0.591536
0.794338
-0.238802
-0.299366
1.043660
0.305752
1.815120
-0.095140
0.390518
-0.043822
1.332825
0.278350
0.976906
0.510754
-0.011864
0.113063
0.207597
-0.137237
-0.771144
-0.452930
-0.269608
-0.368129
0.820255
-0.310437
-0.133044
-0.433487
0.302233
-0.174236
-0.471526
-0.700710
0.188762
-2.236899
0.942982
0.140746
-0.607047
-0.199032
-0.904547
0.513908
0.041340
-0.712277
0.205000
0.249366
3.137604
-0.508734
0.090206
-0.368950
-0.373439
-0.148246
0.913448
0.088570
-0.236446
-0.778498
0.060516
-0.592723
-0.385049
-0.569895
-0.369331
-0.648216
1.006464
-0.230357
0.217264
0.050640
-0.168852
-0.902460
1.859032
-1.002392
-0.105708
-0.408556
0.675871
0.216889
0.009944
-0.210489
-0.540552
0.361496
0.233764
-0.403855
-0.263107
-0.465673
-0.635397
0.092813
-2.057770
-0.311271
-0.750056
0.380717
-0.357867
0.456558
-0.287755
0.304876
1.054217
0.929724
-0.537728
-0.371454
0.220914
0.210235
0.240590
-0.440059
0.716691
0.130516
0.752495
-0.097022
-1.117180
-0.654848
-0.302916
-0.742665
0.377941
-0.988188
0.368678
-0.064467
0.011527
-0.471228
-0.508568
-0.008961
-0.514018
0.277815
0.699651
-0.204141
1.208213
0.195937
1.395571
0.139516
0.217328
0.091137
-0.355023
-1.071569
-0.244410
-1.033913
0.337174
0.120534
-0.525952
1.684311
0.575615
-0.122407
-0.531667
0.099741
-0.077452
-0.077619
1.196592
-0.157229
0.149956
0.120829
-1.400196
-0.198082
-0.368340
-0.186040
0.116290
0.114266
1.348939
-0.675604
-0.085063
0.851715
-0.561678
-1.382306
0.388235
0.080434
1.742346
-0.111400
-0.401569
-0.519549
0.801371
-0.138497
-0.240442
-0.830016
2.104773
0.033488
0.180824
-0.733702
-0.250796
0.065542
1.783879
0.764553
-0.472437
-0.059467
0.441920
-0.414621
-0.097741
0.491189
-0.132829
0.068423
0.127035
-0.435192
-0.262484
-0.777218
0.651357
0.891647
0.571401
1.283007
0.011927
-0.051866
0.243600
0.618077
-0.840967
0.957913
-0.363048
-0.957102
-0.584030
0.244362
-0.039163
-0.815968
-0.029096
0.390816
-1.148780
-0.143959
0.174440
-0.452766
1.287463
-0.194580
-1.562381
0.101418
1.144741
-0.044167
-0.215614
1.498039
-0.721799
0.033030
-2.051943
-0.127990
-0.107309
0.156733
0.351463
0.644339
-0.408808
0.278094
-0.258211
1.745933
-1.174157
-0.045736
0.523236
0.173429
-0.353073
-0.372384
-0.172921
0.482983
0.532064
0.147598
0.263427
0.534562
-0.405319
-0.595270
0.003159
-0.564578
-0.140502
-0.169791
-0.657474
-0.987783
0.567189
-1.291158
-2.492680
-0.517228
-0.216451
0.985583
1.921253
-0.276266
0.185349
0.247267
0.489377
-0.169993
0.164455
0.257125
-0.337820
0.619293
-0.704434
-0.337949
-0.208183
-0.728927
0.182854
1.719289
-0.146921
-0.203008
1.960245
0.029890
-0.884100
0.230917
0.323144
-0.695122
-1.334486
-0.236149
-0.088637
-0.694707
-0.650487
-0.174058
0.391829
0.064884
0.781640
0.097353
1.023846
-0.744897
0.050080
0.302113
-0.666907
-1.299973
0.056405
0.516676
0.998532
-0.111892
-1.125837
-0.641130
-0.679213
-0.222487
-1.253222
0.331363
1.517847
-0.318250
0.677805
0.458357
0.007822
0.878902
-0.108775
0.235968
0.210924
0.106076
0.627638
0.150223
-0.477381
-0.149528
0.157006
0.177322
-0.119895
-0.607114
-0.951210
0.843266
0.009834
0.042051
1.261353
-1.021766
0.071184
-0.439464
0.801645
0.428240
0.246858
0.262227
-0.021306
-0.098673
0.344685
0.251102
-0.657552
-0.298075
-0.558659
-0.748240
0.688110
0.154510
0.804168
0.035284
-0.148144
-0.431008
-0.611439
-0.071605
1.135801
1.134037
0.165546
2.025095
0.145490
0.269222
-0.969490
0.336756
1.200147
0.175214
0.641670
-1.211811
-0.085805
0.117801
-0.111512
-0.038118
-0.239070
-0.130851
-0.170097
0.255098
-0.106434
-0.725251
0.378992
0.230178
-0.026381
-0.085313
-0.382933
0.496639
0.211822
-0.362530
-0.311240
0.059425
0.283731
0.178481
-0.591743
0.311793
0.956713
1.429136
-0.507446
-0.088841
0.026132
0.205370
-0.054796
-0.796949
-0.207525
0.516275
0.838753
0.178401
-0.316029
0.719927
-0.362064
1.704376
0.612844
0.582868
-0.694144
0.835925
-0.237285
-0.355118
2.098511
-0.571042
0.340339
-0.251540
-0.337882
-0.211016
-0.976015
-0.011594
-0.651614
-0.345001
1.119493
-1.323839
0.212739
-0.002419
-0.970043
0.148775
-0.442335
-0.561571
0.408199
0.339400
-0.650799
-0.122886
-0.414573
-0.335163
0.488473
0.908388
0.028525
-0.669590
-1.094687
0.421506
-0.147287
-0.443190
-0.066180
-0.502184
-0.088982
0.312353
-0.691729
-0.371953
0.461327
-0.867878
-0.212616
0.255287
0.353929
0.861632
0.683380
-0.713159
-1.325780
0.468210
-0.088494
0.845919
1.596958
1.876738
0.462244
0.345371
0.018042
0.426338
0.921825
-1.015042
0.289294
-1.732354
-1.562962
-0.408183
0.023157
0.765895
-0.692012
-0.451335
-0.310532
0.062645
0.948682
-0.615035
1.054502
0.182922
-0.230256
0.849150
0.132533
0.071318
-0.161982
-0.216343
-0.150029
-0.239498
0.321000
-0.910458
-0.640713
-0.045892
-0.448642
0.874115
0.366603
-0.786037
0.865550
-1.359572
-0.383151
0.535978
0.337101
-0.099211
0.380108
-0.019037
-0.571854
-0.080462
0.970613
0.463385
-0.187141
-0.482895
0.374716
-0.170168
-0.384962
-0.594055
-0.508521
0.244796
-0.530708
0.123714
-0.501580
-0.119274
0.141466
0.665883
-1.142704
-1.081274
-0.244323
-0.024632
-1.134627
0.366425
0.130074
-0.963694
0.323543
-0.339954
-0.228354
-0.669096
-0.441623
0.180339
-0.328479
0.126253
1.193045
0.944896
-0.791782
0.939507
0.144082
0.176196
0.474808
0.561106
-0.076816
0.817243
-0.543800
-0.055347
-1.727973
0.538914
0.131507
0.382819
0.912784
0.100822
0.279823
0.058117
0.747653
-0.203597
0.737478
-0.274018
-1.380213
0.006083
-0.811953
-0.579879
-0.388365
0.275903
-0.400045
1.075675
-0.107403
0.143019
-0.987754
-0.891755
-0.271075
0.058099
-0.743430
-0.825397
0.213881
0.590458
-0.217011
-0.009913
-0.134993
-0.658096
0.817493
-0.359866
-0.248509
0.609217
0.979445
-0.162402
-0.319943
0.159705
0.721015
1.994838
1.671666
-1.530523
-1.327657
0.145416
-0.133804
-0.338895
-0.065899
0.142067
-0.822901
0.797198
-0.783895
0.563535
-0.159920
-0.869012
-0.635489
-0.627250
-0.133138
0.120422
0.410404
-0.003924
0.971014
0.944174
1.054138
-0.350164
2.141773
-0.591603
-0.162922
-0.106891
0.231528
0.192541
0.033853
-0.342435
-1.030861
-0.433362
-0.658212
1.002741
-0.429191
-0.195633
-1.204445
-0.194618
0.527691
-0.623405
0.456778
0.061549
-0.093717
-0.375666
1.162788
-0.108208
0.035453
-1.289800
0.577831
-0.256394
-0.887469
0.105258
-0.096863
2.036172
0.418662
-0.036542
-0.295744
0.252824
-1.335805
-0.876601
-0.035940
1.355309
-0.515704
-0.795854
0.107889
1.335082
-0.410352
-0.263670
0.572238
-0.329271
-0.061202
-0.700446
0.462385
-1.162559
0.007892
-0.786928
1.036019
-0.355850
-0.148685
-0.057001
-0.845439
-0.265633
-0.761837
0.134711
-0.437741
-0.410886
-1.155611
0.009074
0.898720
-0.198520
-0.245583
-0.264485
1.019922
1.344005
-0.133627
-0.362515
-0.318547
-0.575257
0.009835
-0.437973
-0.814743
0.400912
-0.005397
0.276434
-1.361766
-0.021046
-0.870382
-0.228322
-0.195338
-0.505794
-0.260865
0.576483
0.058363
0.882682
0.758503
0.242747
-0.083486
1.133353
-0.368452
-0.047879
0.278691
0.200344
-0.848344
0.109890
-0.151442
-0.412025
0.508569
0.205682
0.166128
0.131986
1.402719
0.173265
-0.225582
0.575295
-0.554545
-0.489339
0.433216
-0.503808
-0.579929
0.460398
0.070444
0.352070
-0.981835
-0.328123
-0.346950
-0.158885
0.302148
-0.143348
1.368890
0.330942
0.127636
-0.157912
0.633378
0.271076
-0.010847
0.374954
0.076765
-2.405146
0.045681
0.218294
0.933392
-0.094386
-0.556410
0.105348
-0.264505
-0.482419
0.082131
-0.282696
-1.033505
1.334236
-1.125492
-0.049675
-0.343752
-0.210287
-0.003437
-0.287229
0.383004
-0.834613
0.193007
0.284323
-0.085551
0.460371
-0.154178
-0.235881
0.564009
0.257226
0.054897
0.369830
-0.314106
1.807682
-0.561556
-0.192175
-0.726606
-0.795541
-0.294158
0.215544
-0.974905
0.749704
-0.266310
0.171300
1.660096
0.190487
0.037028
0.605746
0.403310
0.099485
1.545740
-0.634703
1.289887
-0.376192
0.033365
2.337107
0.751369
1.571400
-0.276379
-0.148151
-1.103502
0.226411
-0.348338
-0.577240
0.039167
0.875184
-0.679091
-1.172538
0.086632
-0.050603
0.497666
0.233831
0.583025
0.529153
1.765435
-0.865372
0.516012
-0.469528
-0.040604
-0.148851
0.704948
0.211987
-0.281507
0.190507
-0.261518
-0.064843
-0.375546
0.665614
-1.164076
-0.023106
0.077800
0.984173
0.271580
0.239545
0.567438
-0.808355
-0.423707
-0.140035
0.998847
0.031158
0.499847
-0.498169
-0.305480
0.767325
-0.112296
0.540385
-0.897694
0.534552
-0.325199
0.706332
-0.003539
-0.432541
0.771275
0.915322
0.725622
0.667808
-1.103835
0.435052
0.122474
0.116562
-0.899478
0.007606
1.804116
0.106902
-0.943257
1.530018
0.074182
1.369640
0.053985
0.871256
0.295537
0.216276
-0.978000
-0.112063
0.445304
0.357432
0.456868
-1.476502
-0.520312
-0.061850
0.260277
0.436662
-0.252021
0.327653
-0.352799
0.396886
-0.405874
-0.429632
-0.649062
0.142965
2.277982
-0.171879
-0.280043
1.446104
0.105440
0.337229
-0.245456
0.045704
-0.293397
0.096134
-0.263122
-0.838602
0.976095
0.409164
-0.234874
-0.156806
-0.772092
0.224315
-0.586112
-0.349187
-1.521200
0.603210
-0.037676
-0.037228
-0.440457
0.308943
-0.114463
2.212890
0.160904
0.024427
-0.130884
-0.620430
-0.764852
-0.942484
0.568029
-0.046815
-0.467079
0.516582
-0.133159
-0.309271
-0.335608
-0.305507
0.815220
-0.413130
-0.093944
0.643161
-0.193180
0.028922
-1.547857
-0.308150
0.159976
-1.367893
-0.697926
0.504947
0.056008
-0.047856
-1.516441
0.137217
0.198111
1.379349
-0.332193
-0.028272
0.406595
-0.287445
-0.693782
-0.062987
-0.109397
-0.910163
-0.006462
0.552634
-1.550260
-0.809872
0.776728
0.157651
-0.570441
-0.948237
-0.155186
0.285186
0.254617
-0.330759
0.051660
-0.943619
-0.883015
1.051739
0.212739
0.656591
0.731239
-0.784831
0.009199
-0.021781
-0.510964
0.275015
-0.257889
0.772942
0.199649
-0.333614
0.626793
-0.891575
-2.013369
-0.172537
0.095183
-0.563040
0.690245
0.348905
-0.025454
0.797325
-1.050759
0.265991
-0.465386
-0.148719
-0.473276
-0.092335
0.129508
-0.145549
0.688576
0.368200
-0.207866
1.205058
-0.138712
0.038131
1.153705
0.393517
0.038226
-0.558509
-0.232109
-0.835055
1.869939
-0.314152
0.235773
-0.127601
0.442101
0.836095
0.176685
1.509765
0.570832
-0.085721
0.076731
-0.408293
0.286684
-0.867651
-0.124877
0.290458
0.983607
0.228468
0.250906
0.379142
-0.223743
-0.369929
-0.858591
-0.649562
-0.747953
0.038412
0.082926
-0.143747
-0.290910
-1.218045
-0.401622
-0.814118
-0.084786
-0.669430
0.020074
-0.668988
-0.202319
0.654648
-0.311569
0.441149
-0.044324
-0.303604
0.073445
0.534122
1.242197
0.378302
0.494070
0.130676
-0.646359
0.677661
-0.743898
-0.449694
0.477643
0.019748
-0.343850
-0.239178
1.140541
-0.697865
-0.964189
0.100203
-1.373241
1.116604
0.639572
-0.313358
1.073287
-0.698203
0.289076
-0.034669
-1.043569
-0.453141
0.222847
0.202301
1.103345
0.032890
0.722033
-0.354204
0.216478
0.231338
-1.150339
-0.455991
-0.312110
-0.083347
0.021970
-0.088006
1.588750
0.703468
-0.827417
0.157351
0.382335
-0.179882
0.043307
0.234408
-0.043768
0.130204
0.975735
-0.695693
-0.044409
0.204431
-0.475793
-0.932637
0.069827
-0.553266
-1.181775
0.468933
0.018661
0.305172
0.039251
0.118715
0.427328
-0.175661
0.213364
0.117588
0.439806
0.975598
-0.017553
-0.467567
-1.016662
0.999512
-0.289523
-0.719846
-0.216631
0.063751
0.874453
-0.763350
0.019256
1.469439
-0.056940
0.070660
-0.685739
-0.303791
-0.251882
-0.138581
-0.380102
0.236544
0.809376
-0.191183
1.679609
-0.322941
0.284990
-0.192437
-0.107185
0.554211
0.151533
0.374743
0.315081
1.128512
-0.121973
0.117689
1.726209
0.621561
0.156424
-0.158628
0.022457
1.198650
0.096733
0.084025
0.038290
-1.125942
-0.255432
0.285374
-1.154546
-0.378194
0.156439
-0.006149
-1.071529
-0.632421
-0.190579
-1.332948
-1.395221
0.696104
0.093111
0.333488
1.228395
-0.144217
-0.466380
-0.977415
0.732760
-1.929599
0.244948
-1.066010
-0.330205
-1.703093
2.018162
-0.162080
0.633344
0.212357
0.494314
-0.740387
-0.100818
-0.227889
-0.579477
-0.556137
-0.009094
-0.193507
-0.865209
0.087879
-0.296253
-0.107876
-1.226782
0.265451
-0.441719
-0.813339
0.080545
0.078449
-0.648637
-1.227127
-0.075785
-1.015605
-0.061309
-0.211356
0.339420
0.029928
1.962351
1.258599
0.194173
1.549054
-0.417575
-0.142612
0.500470
1.450641
-0.221279
-0.151774
1.072058
-0.028513
0.072962
0.194906
-1.504700
-0.845948
0.204151
-1.154817
0.492599
-0.459074
0.508018
-0.502324
0.309396
0.918196
1.170789
0.962241
-0.457790
-0.886541
1.048221
0.000347
-0.033918
-0.187552
-1.213291
-0.346975
-0.748068
0.273962
1.560867
-0.386970
0.244365
0.335759
-0.466999
-0.321332
-0.688059
0.194284
-1.246523
0.038127
-0.253142
0.149772
-0.256304
-0.401570
-0.845314
-0.217581
-0.355122
-0.266470
-0.321197
0.158106
-0.265438
2.116218
-0.588704
-0.472990
-0.106511
0.332579
0.527131
-0.023206
-0.233836
-0.767386
-0.934619
0.003887
0.185325
-0.082390
-0.714930
-0.186080
-0.681117
-0.215154
0.383919
-0.329761
-0.599495
-0.266954
-0.548275
0.059129
-0.010331
-0.191979
-0.659318
0.287471
-0.002779
-0.017217
0.377663
-0.024269
0.655419
-1.612147
-0.319370
-0.416578
-0.090475
0.811153
0.041491
-0.055319
0.106790
0.230100
0.131941
-0.445221
1.744050
-0.735874
-0.197956
-0.293186
1.001755
-0.591439
-0.200667
0.483149
0.145352
0.010984
-0.139517
0.645858
0.030891
0.850397
0.042973
0.143882
0.673829
-0.410778
0.381456
0.051439
0.536778
-0.302224
0.505959
0.033985
-0.006568
-0.436141
0.062855
-0.012220
0.510625
-0.319183
-0.090803
-0.313428
1.007751
-0.601794
0.243857
0.039550
-0.440442
-0.312618
0.181212
-0.287607
-0.188308
-0.135106
0.091444
0.948431
-0.399784
-0.290757
-0.698459
-1.035195
0.221838
-0.155335
0.068109
0.196658
-0.274687
-0.754347
-0.694651
0.705914
1.171235
0.277056
0.505711
-0.882512
-1.613568
0.751723
0.028090
0.711229
-0.538166
0.201821
0.085354
1.121504
-1.040780
1.157844
-0.575742
-0.119487
0.098933
-0.111160
-0.827238
-0.427573
-0.555965
-0.624738
0.225486
0.985409
0.197403
0.078570
1.094718
-0.516224
0.362681
-0.895442
-0.066679
0.015810
1.626439
0.598760
-0.303176
0.146728
-0.850226
0.875483
-0.195799
0.858123
-0.948065
-0.055322
1.501196
-0.316548
-0.965412
-0.614815
0.164329
0.063588
0.342327
-0.273505
-0.766674
0.450058
-0.311718
-0.131790
0.552490
-0.022580
-0.867109
0.039234
0.214950
0.204309
0.124553
0.493210
0.593621
-1.447449
0.140299
0.823923
0.516681
-0.302918
-0.947846
-0.099873
-0.498618
0.111658
-1.002563
-0.035137
0.199740
0.629509
-1.076589
0.454499
-0.563342
-0.035606
-0.051398
-0.289649
-0.453137
-0.410617
-0.451250
-0.401136
0.599167
-0.046287
1.179893
0.270064
0.477470
0.390922
1.237663
0.163415
1.279172
-0.372102
-1.470056
0.305212
-0.199195
-0.374107
0.938854
-0.546849
0.752613
0.735230
-0.130047
-0.329686
-1.439506
0.076170
0.474031
0.497171
-0.597776
-0.633776
-0.366837
1.019087
-1.015962
-0.043084
-0.366770
-0.563954
-0.241999
0.109009
-0.184420
0.190943
1.154884
-0.149195
0.034440
-0.010187
0.674575
0.251993
0.191128
0.009228
0.309049
0.993049
-0.033276
1.020708
0.399901
-0.496378
0.613613
-0.191591
0.595838
-0.108668
0.127109
-0.364885
0.210121
0.079319
0.164325
-0.586161
-0.270331
-0.639586
0.284652
-0.171180
0.627589
0.277666
0.250842
-0.191926
-1.402572
-1.131877
0.214767
-0.741481
1.419121
-0.217382
0.006104
0.116473
-0.877731
0.206824
0.223399
1.115501
-0.847320
0.121739
0.034420
0.744056
0.203989
0.021633
0.405100
1.238415
0.203524
0.066657
-1.976564
1.234022
-0.567654
-0.086112
0.004341
0.487542
-0.166161
-0.391263
-0.193095
-0.174370
-0.100081
-0.510746
1.038960
-0.455806
1.074670
-0.905841
0.545994
-0.083527
-0.144919
0.126366
1.511145
-1.154973
-0.252716
-0.314239
-1.776047
0.163637
-0.455053
0.043983
1.259523
-0.292311
-0.391482
0.334017
0.996088
-0.089345
0.035243
-0.524191
-1.266674
0.087162
-0.185642
-0.118526
-0.107566
-0.151888
-0.080814
0.140882
0.164163
0.059528
0.904902
-1.052808
0.018026
-0.237374
-1.161783
-0.481693
-0.481968
0.886896
0.827057
1.333167
-0.630625
0.328291
-0.200558
0.029805
1.531033
-0.188140
-0.374810
-0.170963
-0.564215
-0.168321
-0.107452
0.369560
0.308949
0.968360
0.153611
0.177816
-0.643224
0.433737
-0.888947
1.143161
0.694124
-0.107272
0.008728
0.546572
-0.191932
-0.682869
1.272978
0.882914
-0.074783
0.134808
0.638228
0.991525
-0.540756
-0.461268
-0.438049
0.428882
-0.587937
-0.201543
0.597993
0.473863
0.438602
-0.383016
0.030950
0.023417
-1.098253
-0.075745
-1.247204
-0.020893
-0.318677
-0.317405
0.956432
0.110288
0.028076
-0.191873
0.036014
-0.106176
1.261610
0.203927
0.850913
-0.554244
-0.843781
0.726345
-0.275130
0.547191
-0.264643
1.337979
0.115948
-0.049161
0.444859
-0.083873
0.017598
0.192663
