300
1
0.154729
0.001184
0.064747
0.042190
0.088562
0.028499
0.039068
0.015575
0.009582
0.008994
-0.003425
0.035005
0.023403
0.107890
-0.005116
0.012026
0.031725
0.011228
0.111162
0.114839
0.031320
0.039073
0.043313
0.020736
0.043748
0.046777
0.034393
0.039643
0.056346
0.059687
0.022510
0.012118
0.028177
0.071787
0.198018
0.021652
0.006335
0.051317
0.037280
0.102888
0.140497
0.145342
-0.015776
0.033933
0.085362
0.093634
0.046049
-0.010960
0.013328
0.032192
0.179222
0.030319
0.002044
0.045902
-0.005462
0.037643
-0.046212
-0.001171
0.021700
0.060383
0.030931
0.084633
0.023661
0.085388
0.056392
0.066519
0.088856
0.059493
0.036111
0.055485
0.125673
0.113444
-0.008872
-0.007540
0.048959
0.032145
0.098176
0.166167
-0.061903
0.066258
0.091646
0.015123
0.061535
0.077143
0.130735
0.119816
0.056620
0.008151
0.066682
0.021381
0.062332
0.159922
0.040137
0.043608
0.097128
0.094257
-0.071034
0.018774
0.056715
0.056738
0.095432
0.037365
0.019682
-0.020217
0.109689
0.067273
-0.075687
-0.001787
0.025882
0.065090
0.120077
0.007420
0.088131
0.101379
0.061083
-0.121552
0.077199
0.032587
-0.017636
0.138764
0.061976
-0.001066
-0.004396
0.040623
0.030193
0.041837
0.049070
0.027645
0.036752
-0.007538
0.036338
0.067969
0.079265
0.033309
0.066040
0.067256
0.155352
-0.112104
-0.090354
0.029745
0.034293
0.022868
0.094709
0.061000
-0.003078
0.026582
0.048865
-0.121278
0.001561
0.045516
0.074792
0.022619
0.049311
0.014070
0.042832
0.081600
0.059698
0.055950
0.008571
0.015533
-0.001860
0.027840
0.037477
0.031156
0.059646
-0.015013
0.063305
0.047489
0.028001
0.047773
-0.012171
0.022841
0.070654
0.113069
0.079661
0.031111
-0.005361
0.017018
0.135486
0.120138
0.074469
0.190976
-0.000493
0.152915
0.111687
-0.006589
0.012512
0.086126
0.012643
0.015269
0.053153
0.046130
0.043050
0.035451
0.043630
0.006314
0.025743
-0.002606
0.040354
0.048976
0.085184
0.010987
0.100078
0.004015
0.001121
0.036231
0.039581
0.054325
0.045163
-0.008838
0.028200
0.061375
0.001380
0.055028
0.029598
0.008513
0.022680
-0.004203
0.054190
-0.022353
0.061979
0.001070
0.134510
0.042571
-0.008592
-0.018153
0.028733
0.022317
0.115330
0.001361
-0.070729
0.075849
-0.007832
0.064279
0.073483
0.023390
0.054803
-0.023502
0.037465
0.052691
-0.051147
0.058833
0.099153
0.012929
0.166661
-0.020641
0.020418
0.010253
0.129682
0.070309
0.120301
0.055862
0.008358
0.098509
0.140380
-0.068975
0.050698
0.044545
0.065016
0.049914
0.033197
0.021593
-0.035836
-0.015337
0.033365
-0.032748
-0.001646
0.067194
-0.010952
0.041141
0.089258
0.023843
-0.057319
0.055686
0.019707
0.185413
0.075391
0.030001
0.011384
0.008020
-0.000418
0.088572
0.003897
0.124791
0.043240
0.050511
0.022389
0.026085
-0.119653
0.043855
0.066641
0.118957
0.052321
-0.087651
0.131128
0.059407
0.066180
0.020901
0.052052
0.064077
