100
1
-0.035160
-0.080111
0.031143
0.006379
0.035134
-0.097953
0.028984
0.096875
-0.001406
0.068448
-0.009425
-0.021569
0.093322
0.021167
0.096391
0.017131
0.182082
0.051617
0.000497
0.098289
0.045502
-0.004059
0.080542
0.139034
-0.081608
0.031811
0.045585
0.106387
0.093280
-0.038533
0.011456
0.159081
-0.036940
-0.187977
0.026636
0.043092
0.013624
0.069532
0.063982
-0.000215
-0.005465
0.081606
0.110435
0.093506
0.046578
0.038706
0.072855
0.128894
0.009733
-0.001574
-0.061063
0.028660
0.128648
-0.049431
0.039038
0.076422
0.010430
-0.011673
-0.179764
-0.001656
0.004099
0.137725
0.022199
0.065300
0.015953
0.056919
0.052921
0.070395
0.107047
-0.005001
0.102174
0.016172
0.015332
-0.003050
0.021670
-0.000669
0.009400
-0.006275
0.020137
0.034524
0.080382
-0.001683
0.008560
0.019698
-0.031300
0.032772
-0.000559
0.083252
0.086666
0.015534
0.179896
-0.081169
-0.001224
0.100158
0.087195
-0.003429
0.159584
0.017308
0.058746
-0.067508
