100
100
0.031646
-0.039869
0.065434
-0.019367
-0.037832
-0.111593
0.003789
-0.050313
-0.013997
0.043159
0.020327
0.007800
0.010278
0.046582
-0.027941
0.041293
-0.054837
-0.007639
-0.024007
0.094351
-0.006829
0.018683
-0.048814
0.051846
-0.009471
-0.013905
-0.021014
0.122750
-0.008320
0.011198
0.022062
-0.030920
-0.026720
-0.032307
0.025041
0.073453
-0.005744
-0.006950
0.042009
0.039121
-0.024009
-0.000689
0.020767
0.050286
-0.056968
-0.003662
-0.036185
-0.051796
0.029546
-0.017533
-0.017883
0.155030
-0.049743
-0.022696
0.111342
-0.044406
0.007830
-0.016496
0.088106
0.030345
0.045109
-0.045608
0.048251
0.087080
-0.019480
0.097840
-0.012782
-0.007330
-0.019106
-0.000517
-0.106974
0.016208
0.019877
-0.071122
0.019123
0.137157
0.105179
-0.032059
-0.033420
0.000136
-0.023904
-0.077754
0.064221
-0.022335
-0.009466
0.056460
0.020295
0.045476
-0.031303
-0.016448
0.057355
0.060319
-0.023498
-0.087975
-0.000400
-0.075482
0.027850
0.012593
0.047690
0.038084
0.039324
-0.122511
-0.090621
-0.041442
-0.071447
-0.085527
0.007754
-0.047778
0.034156
-0.053133
-0.012725
0.060184
0.138663
0.115058
0.103910
0.038787
-0.059649
-0.102971
-0.050103
0.005212
-0.018311
0.006756
-0.074065
-0.050320
-0.018905
0.081786
-0.193685
-0.024618
-0.000642
0.067278
-0.069813
0.028756
0.059952
0.000018
-0.043977
0.164690
0.207849
0.052136
0.067936
-0.051614
-0.019634
0.085253
-0.143385
0.015310
-0.118080
-0.099392
-0.053092
-0.025436
-0.020527
0.006315
-0.005439
0.259782
0.003147
-0.008547
0.106020
0.033969
-0.002853
-0.060303
0.005153
-0.026999
0.164698
-0.035726
0.105907
0.079367
-0.015026
0.208585
-0.061728
-0.038228
-0.065358
0.035794
0.035602
0.021936
-0.085514
-0.042942
-0.012040
0.020532
0.025734
-0.003151
0.229304
0.009317
-0.054807
-0.052282
-0.020388
0.012085
0.061459
-0.060722
-0.037997
-0.160116
-0.055758
-0.049077
-0.005108
-0.010961
0.032482
0.003468
-0.177774
-0.075476
-0.010731
-0.040016
0.022172
0.055529
-0.020403
-0.067329
-0.066540
-0.042384
0.028286
0.018914
-0.042767
0.011815
-0.015334
0.007060
-0.010847
0.046622
-0.066727
0.013147
-0.000417
-0.013956
0.032709
0.046071
0.030473
-0.017739
0.038829
0.021877
0.034421
-0.023617
-0.029142
0.072679
-0.026104
-0.032214
-0.015602
0.036291
0.012894
0.004889
0.028109
0.029820
-0.026517
-0.015015
0.011128
-0.012915
0.043647
0.029272
-0.016947
0.019012
0.028668
0.001352
0.075284
-0.016731
0.012652
-0.071395
-0.039242
0.019472
-0.059518
-0.015063
-0.006562
-0.036326
-0.001331
0.043859
0.003214
0.030428
0.018303
0.050903
0.002949
-0.025235
-0.008194
0.032489
-0.001667
0.009354
0.039594
0.080975
-0.017477
0.083312
-0.039731
0.038244
-0.015485
-0.004543
0.029141
0.050671
0.056097
0.017415
0.061575
-0.084554
-0.014843
0.011285
0.066704
-0.021913
-0.018892
-0.081438
0.004889
0.018540
0.034137
-0.025217
-0.007658
0.015011
0.045614
0.033236
-0.015521
-0.036456
0.009585
0.010807
0.009869
-0.004336
-0.008883
-0.050580
0.062781
-0.008206
0.009046
0.127292
-0.000313
-0.111796
0.012108
-0.076002
0.006080
0.059463
0.014419
-0.040314
-0.089123
-0.024435
0.129894
-0.069275
-0.028423
-0.103881
-0.005279
0.007487
-0.031061
-0.084414
-0.005321
-0.087139
0.036605
0.010300
-0.025796
-0.015021
0.010401
-0.006579
0.078834
0.129751
-0.030505
-0.036830
-0.032944
0.107882
-0.039428
0.001746
0.066820
-0.011224
0.072140
0.011165
-0.075138
0.026454
-0.042740
0.057049
-0.005826
0.023399
0.043688
0.028188
-0.029432
0.020685
0.152899
-0.032320
-0.060456
-0.049218
-0.089070
-0.070484
-0.023148
0.036861
0.007251
0.040161
-0.018166
0.107454
0.126216
-0.027758
-0.032172
0.058790
-0.129864
-0.045237
-0.048793
-0.094736
-0.039710
0.115181
-0.028892
0.018872
0.129911
0.044537
-0.012916
-0.077722
0.054232
-0.054608
-0.033679
0.004792
0.004554
0.094562
-0.036694
-0.063644
-0.102878
-0.017428
0.080738
0.035113
0.124298
0.105087
0.005541
0.032113
-0.009268
0.031413
-0.004343
-0.067590
-0.159301
-0.063519
0.002929
0.080692
-0.005247
-0.065843
-0.000578
-0.065659
0.024974
-0.073236
-0.001515
-0.057587
0.013028
0.046453
0.128178
0.015761
0.034178
-0.043846
-0.003565
0.064349
0.118488
0.142973
0.028145
-0.122514
0.042621
0.153711
0.020026
0.048521
-0.105062
-0.040293
0.034348
0.018161
0.134679
-0.011621
-0.154433
-0.052477
-0.101890
0.012077
-0.029022
0.011699
0.046733
-0.014722
0.006652
-0.022328
0.016659
0.123130
-0.018519
-0.010758
0.046480
0.030013
-0.090586
-0.065942
-0.042323
0.004013
-0.037966
-0.063292
0.003220
0.016415
0.030723
-0.024840
-0.008144
0.003001
0.020778
0.043091
-0.082936
-0.109692
-0.004821
0.082217
0.064470
-0.043226
0.053524
-0.041565
-0.002139
0.126492
0.028687
-0.035246
0.066638
0.082047
0.087997
-0.033187
-0.004054
0.047354
0.005696
-0.139662
0.015986
0.172433
0.020596
0.014435
-0.086674
0.066229
0.014095
0.058142
0.204082
0.017844
-0.044295
0.031044
0.006203
0.025240
0.015662
0.019962
-0.197271
-0.016945
-0.023631
-0.122531
-0.000868
-0.013682
0.034184
-0.003280
0.033793
-0.118866
0.272564
0.095074
0.120443
0.027952
0.033703
0.052878
-0.035884
-0.027663
-0.058105
0.015015
0.012741
0.148145
0.025827
-0.014141
0.050326
0.012301
0.002141
0.080733
-0.261099
0.030932
0.057967
-0.122365
0.092602
0.033480
-0.020900
0.039629
-0.087596
-0.051957
-0.063843
-0.006254
-0.122811
0.023891
-0.121072
-0.178281
-0.132164
0.115722
-0.056687
-0.047928
0.105682
0.157076
-0.126507
-0.087878
0.062544
-0.067333
-0.030420
-0.134525
-0.013777
-0.025177
0.173725
-0.057394
-0.047179
-0.049138
-0.020766
0.089573
-0.155300
-0.100236
-0.020727
-0.021810
0.079867
0.020040
-0.047484
-0.064821
0.013159
0.085739
-0.132196
-0.041006
0.037595
0.116421
0.073651
0.025092
-0.161484
-0.021752
-0.059746
-0.053691
-0.014840
-0.058980
-0.054150
-0.012079
-0.128580
0.010003
-0.053774
0.004017
-0.022077
-0.015794
-0.119701
-0.009444
0.009612
-0.019869
-0.000523
0.088292
-0.017143
-0.035827
0.016317
-0.038406
-0.064324
-0.023289
-0.013528
-0.112550
-0.019434
0.111690
0.156116
0.000818
0.005064
-0.037892
0.078399
0.083305
0.047973
-0.115664
0.024291
-0.013671
-0.251535
-0.097981
0.025788
0.200201
0.084387
-0.231064
0.004067
0.057951
-0.064834
0.011947
0.015096
0.189457
-0.013094
0.074831
0.118819
0.176370
0.133958
-0.020398
0.054964
0.140904
-0.165864
0.024274
-0.049197
-0.000582
-0.136399
0.129198
0.004130
0.027296
-0.048562
0.088408
-0.010797
0.042543
0.153928
0.044395
-0.059592
-0.009700
-0.172441
-0.067593
0.038791
0.002544
0.090857
-0.093721
0.032270
0.030230
0.172440
0.198634
-0.059226
-0.022249
-0.075564
0.014616
-0.040771
-0.000920
-0.037590
-0.047260
-0.172863
-0.015427
0.050361
-0.053083
-0.044528
-0.053612
-0.046481
0.019546
0.115229
0.096357
-0.025918
-0.247436
-0.028674
-0.015376
-0.142710
0.007159
0.027261
0.039448
-0.111965
0.103577
0.037797
-0.031176
-0.031915
0.095178
-0.044322
-0.198266
-0.123016
-0.041763
0.089743
0.202312
0.015625
-0.065061
-0.001759
-0.086614
0.039711
-0.004106
-0.064091
-0.125642
0.121532
-0.045505
0.098407
-0.034763
0.038188
-0.024740
-0.058394
0.048524
0.015563
-0.003204
-0.025169
-0.150543
0.000215
0.001124
-0.009239
0.042303
-0.048853
-0.046001
0.068348
0.227325
0.013418
-0.023645
-0.166045
-0.036138
-0.131914
-0.067280
-0.018593
0.005108
0.090947
0.013378
0.041518
-0.080533
0.078406
0.127126
0.024040
-0.031121
-0.016795
0.026442
-0.050035
0.037205
0.035481
0.044883
-0.018088
-0.002693
-0.128478
-0.075757
0.147862
-0.011400
0.063239
0.045135
0.006143
0.126971
0.010280
-0.115921
-0.033957
0.264722
0.017875
0.006695
-0.039762
-0.055695
-0.029556
0.154470
0.136988
0.031739
0.244107
-0.015591
0.071259
0.066786
0.154963
0.031649
-0.031057
-0.209324
0.034227
0.011920
0.048920
-0.024251
-0.070494
-0.037211
-0.064767
0.191562
0.278089
0.055506
-0.128046
-0.035586
0.019488
0.169223
0.008058
-0.026286
-0.004913
-0.020912
-0.043557
-0.032409
0.033038
-0.049897
-0.013474
0.031264
-0.033864
0.043721
-0.031168
0.003906
0.028172
0.047968
-0.039536
0.012271
-0.037007
0.000832
0.000834
0.021643
-0.026510
-0.045062
0.016262
-0.029610
0.016688
-0.026355
0.032115
0.033293
-0.037168
-0.009316
-0.041411
0.013762
0.019875
-0.034871
-0.023209
-0.047461
0.011377
0.014694
0.034133
0.029094
0.009899
0.001441
0.033839
-0.011351
-0.000021
0.042746
-0.002243
-0.039718
0.041933
0.047892
0.032206
-0.032666
-0.047179
0.046156
-0.009738
-0.034810
-0.031340
-0.026109
0.051472
-0.014222
-0.038113
0.008544
-0.001623
-0.020572
-0.031809
0.025343
-0.018398
0.035698
-0.006893
0.015033
-0.036778
-0.000625
-0.033292
0.046057
-0.012886
0.016071
-0.012624
0.033606
0.029016
-0.018669
-0.017803
0.010891
-0.001388
-0.017594
0.007606
-0.012641
0.046570
0.029021
-0.043173
0.046181
0.013773
-0.030817
-0.048164
-0.038261
-0.002148
-0.027696
-0.013096
-0.018399
-0.033515
-0.051757
0.082647
0.056612
0.056844
0.025228
-0.034801
-0.009094
0.035749
0.009188
0.010947
-0.005990
-0.093985
-0.029854
-0.042378
0.012827
0.054108
-0.013212
0.019030
-0.004487
0.060030
0.008029
-0.070681
-0.021815
-0.001637
-0.101458
-0.038330
0.037392
-0.029248
-0.020089
0.119256
0.013756
-0.018388
0.115876
-0.034076
-0.056956
-0.024249
0.080590
0.027934
0.059829
0.052805
0.026751
0.094118
-0.042449
0.004649
0.086313
0.039771
-0.057145
0.039185
0.014561
-0.033218
-0.057489
0.058039
-0.016431
0.098177
0.032215
0.000599
0.009115
-0.044709
0.015684
0.005377
-0.007740
0.036608
0.132953
-0.033887
0.047866
0.077365
-0.034800
0.036359
0.028969
-0.011810
0.033632
-0.000467
0.045396
-0.024649
-0.018528
0.101061
-0.030771
0.084738
0.035320
0.004632
0.072727
0.151658
0.070336
0.019608
-0.004303
-0.032799
0.099722
0.011477
-0.023252
0.079293
-0.031502
0.074564
-0.001230
0.017701
0.042957
0.061400
-0.043786
0.001635
0.065223
0.017893
-0.089971
0.071085
-0.004446
0.061634
0.005143
0.032734
0.011481
-0.010886
0.004226
0.022463
0.170220
-0.078391
0.010903
-0.210567
0.019397
0.134201
-0.079508
0.047202
-0.015475
-0.047426
-0.067493
-0.065206
0.046899
-0.015160
0.019234
0.065281
0.074664
-0.098527
0.078506
-0.067469
-0.047476
0.048776
0.146356
0.008493
0.129714
-0.051219
0.068924
0.010680
0.030270
-0.003217
-0.034049
-0.008182
-0.016717
-0.022529
-0.014708
-0.040757
0.076536
0.073369
0.020082
0.061191
0.218114
-0.186724
0.045242
0.150634
-0.050642
-0.099690
-0.040554
0.007699
-0.079433
-0.093070
0.003467
0.029757
-0.040704
0.006987
0.152317
0.024925
0.066862
0.048539
-0.008552
-0.218925
0.043576
0.063251
-0.093967
0.024892
0.175259
0.031605
-0.056847
0.082078
0.063561
-0.110320
-0.288611
0.000045
-0.025743
-0.031508
0.015180
-0.030958
0.109761
0.032632
-0.013019
-0.083818
0.066447
0.038203
-0.102072
0.284811
-0.048012
0.142388
-0.014873
-0.028853
0.150353
-0.001557
-0.031509
0.152016
-0.046155
0.022917
-0.011579
-0.017637
0.068007
-0.032804
-0.048887
-0.048998
0.014013
0.060720
0.003365
0.082955
-0.035702
-0.034137
-0.085290
0.018787
-0.062244
-0.014061
-0.013614
0.146839
-0.041544
-0.005020
0.030214
-0.054517
-0.031310
0.001564
0.145375
-0.012565
0.003619
0.029920
-0.022048
0.048381
0.008816
0.041346
-0.067916
-0.060660
-0.059347
0.025237
-0.020053
-0.003166
0.030820
0.007120
-0.092316
-0.086358
0.118520
0.006463
0.030408
0.072940
-0.003846
-0.058239
0.019499
0.000150
0.045364
-0.103085
-0.005288
0.041887
-0.070142
-0.071507
0.046334
0.006925
-0.094185
-0.064119
0.100666
-0.073750
-0.135887
0.047625
0.014144
-0.024632
0.014044
0.027431
-0.082962
0.030819
0.105690
-0.072156
-0.011502
0.063018
0.142642
-0.087932
-0.023740
-0.107413
-0.066058
-0.001131
-0.032662
0.016921
-0.027547
-0.002269
0.020264
-0.060990
0.015024
-0.027019
0.011857
0.138618
0.000389
0.146541
-0.040897
-0.051713
0.024464
-0.043631
0.069368
0.028650
-0.042377
0.008456
0.038837
0.047146
0.028462
-0.026137
0.057660
0.025026
-0.155650
0.025774
-0.051846
-0.008930
0.069513
-0.001133
0.063738
0.033229
0.095953
0.005344
0.047128
0.196448
0.121393
-0.039562
-0.098482
0.051634
0.210910
0.017587
0.002921
0.121804
-0.039570
0.017355
-0.051467
0.087261
-0.064092
-0.108389
-0.046367
-0.117682
0.091409
0.016862
-0.107586
0.141004
-0.035059
0.007855
0.037463
0.013962
0.020520
-0.036402
0.039940
0.062070
-0.078555
-0.020716
0.014622
-0.093022
-0.049705
-0.034796
0.005763
0.062335
0.100140
-0.053897
-0.016152
-0.030228
-0.026608
-0.017605
-0.045742
-0.030611
-0.077674
0.016300
-0.016308
0.050739
0.030370
0.069607
0.058420
0.003854
0.001061
0.047202
0.009012
-0.038850
0.117869
0.114997
0.041881
-0.051515
-0.030407
-0.071981
-0.065707
0.042866
0.187188
0.035740
0.019687
0.050148
0.002715
-0.028982
0.056741
0.137510
0.083690
-0.015339
0.015036
0.050623
-0.012364
-0.040810
-0.034018
-0.028065
0.068114
0.044337
-0.026500
-0.041575
-0.027454
-0.035084
0.029960
-0.008272
0.060191
0.006037
0.044491
-0.109814
0.027755
0.083962
-0.040655
-0.035004
-0.000090
0.023011
-0.061653
-0.076340
-0.040386
-0.041754
-0.015630
0.010725
0.024136
-0.030113
-0.009914
0.037929
0.001421
-0.021836
0.093768
0.043666
0.070217
-0.007574
0.137669
0.000075
0.044082
0.025722
-0.037798
0.025994
-0.010834
0.024432
-0.038477
-0.026412
0.010640
-0.026273
-0.036857
0.033805
0.041314
-0.076341
0.047227
0.134786
0.030891
-0.038667
-0.031621
0.011292
-0.053870
-0.043749
0.016580
-0.011705
0.013903
0.028538
-0.024332
0.014164
0.009109
0.017000
-0.046379
-0.078836
0.004528
0.021808
-0.054084
0.030443
0.006213
-0.077467
0.021041
0.018048
0.030941
0.029027
-0.043092
0.013798
-0.039840
0.024225
0.064177
-0.023305
0.001664
-0.017570
-0.036600
-0.063262
0.036992
-0.004883
-0.022107
0.016376
0.064533
-0.015247
0.031242
-0.003756
-0.003246
0.014706
-0.075364
-0.024106
0.026119
0.092402
-0.080426
-0.006253
0.000751
-0.027158
0.048220
0.012390
-0.070786
-0.100812
0.035120
-0.227417
0.086375
0.156500
0.100458
0.008912
0.052130
-0.021261
0.015869
0.075258
0.045113
0.035244
-0.105859
0.097329
0.251455
-0.037896
-0.010396
0.186672
0.055799
0.023315
0.054619
0.141126
-0.001754
-0.161697
0.106280
-0.051159
0.147490
0.056958
-0.112283
0.216475
0.045955
-0.024715
0.044243
0.008679
0.213047
0.004410
0.042360
0.199313
-0.079252
-0.096242
0.017796
0.116338
-0.022125
0.061929
0.033200
0.106859
0.014416
-0.179439
0.005286
-0.040981
-0.018687
0.032150
-0.002346
-0.003624
-0.014707
0.098775
-0.044891
-0.102445
0.006927
0.137844
0.006892
-0.024998
-0.026661
-0.103262
-0.012375
-0.004676
0.049301
0.016844
-0.128699
0.035752
-0.005216
0.041490
0.064055
0.014624
0.357948
-0.049632
0.029597
0.052519
0.057472
0.124222
-0.101532
0.196037
0.185869
0.105066
-0.006519
0.002194
-0.016271
0.005818
-0.048308
0.032379
-0.012512
-0.034845
0.013032
-0.038896
-0.035102
-0.016649
0.031029
0.011781
-0.040841
0.019130
0.031485
-0.033843
0.029005
0.031251
-0.019773
0.016856
-0.035226
-0.020405
0.039095
0.023064
-0.032599
-0.006590
0.007112
0.009354
0.043393
0.002204
-0.000620
0.043779
-0.044977
-0.043840
0.031414
0.037015
-0.042634
-0.003976
-0.038665
-0.020153
-0.011662
0.041108
0.036503
-0.002896
0.026172
0.028536
-0.031753
-0.040967
0.037594
-0.000174
0.020240
-0.045236
-0.027756
-0.037063
-0.007656
0.055897
-0.048633
0.043563
0.002708
-0.017719
-0.009853
0.051122
-0.019371
-0.039530
-0.041333
-0.007798
-0.043281
0.028833
0.055053
0.005909
0.054834
-0.018513
0.049408
-0.024134
-0.022746
-0.028060
0.060687
-0.001183
-0.024211
0.003438
-0.023868
-0.004012
0.043240
-0.030078
0.004940
-0.024865
-0.002580
0.002271
-0.023988
0.050168
0.041829
-0.035668
-0.006402
0.024789
-0.018404
0.058363
-0.030424
0.028017
0.005328
0.013710
0.046926
0.060681
0.157537
-0.024924
0.009040
0.044237
-0.154938
-0.028438
0.098581
-0.028597
-0.037191
0.020042
-0.020097
0.119593
0.173826
-0.068186
0.054135
0.072023
0.139410
-0.015094
0.072401
0.012853
0.045642
-0.106973
0.229295
0.019414
0.124125
0.218953
0.126085
0.064095
-0.058359
0.015855
0.082520
-0.014817
-0.034388
0.183883
0.082497
-0.055007
0.171060
-0.024062
0.076339
0.033761
-0.021520
-0.027303
-0.001418
0.030709
0.076885
-0.036527
0.145364
0.034441
0.053890
0.164567
0.092250
-0.070353
-0.013405
0.153179
-0.057475
0.081749
0.005406
-0.012141
0.050279
-0.038093
-0.044075
-0.046666
0.074566
0.045300
-0.047585
-0.095492
0.126756
0.053655
-0.087987
0.088058
0.030755
-0.005596
0.093494
-0.045522
-0.092715
-0.169271
-0.000738
-0.066940
0.105330
0.063594
0.022534
-0.118745
0.046035
0.041494
0.199438
0.004241
0.087312
-0.045030
-0.028031
0.023905
0.043663
0.050535
-0.037422
0.006897
0.136004
-0.001010
0.023691
-0.025666
-0.060102
-0.028952
-0.123073
0.076401
0.028129
0.028345
0.221104
-0.032331
-0.059915
0.033132
-0.067640
0.012090
0.214067
-0.138918
-0.151736
-0.091487
0.062868
0.190959
-0.012678
-0.048287
-0.162491
0.015595
-0.033642
-0.079163
-0.027724
-0.044790
-0.130680
0.062334
-0.038882
-0.051983
-0.029296
-0.090785
-0.105356
0.088638
0.292630
-0.119759
0.012702
-0.113906
0.116773
-0.044241
-0.052455
0.041083
0.036466
0.078146
-0.012370
-0.053805
0.031234
0.086844
-0.021961
0.042244
0.011537
-0.083277
0.123042
-0.047349
0.110827
0.194366
0.052295
-0.048811
-0.026320
-0.237000
-0.044747
0.038727
0.023099
0.001474
0.179451
-0.014869
0.124344
0.200627
0.100198
-0.091410
0.106044
-0.196294
-0.004337
-0.050819
-0.067612
0.019591
0.170460
0.108881
-0.048126
0.177599
-0.046012
-0.038851
-0.086876
0.234949
-0.018928
0.026220
-0.015482
0.007005
-0.008072
0.066875
-0.064151
-0.049644
0.016619
0.111350
-0.003902
0.228595
0.016012
-0.023124
0.019660
-0.006750
0.167363
-0.014768
-0.062723
-0.010111
-0.033409
-0.050167
0.111891
0.058344
-0.046841
0.031883
0.007759
-0.026828
-0.092418
0.065406
-0.042762
0.294694
0.021406
-0.125527
-0.056706
0.042936
0.109379
-0.057010
0.027147
0.339652
0.007787
0.035576
-0.056888
-0.118226
0.150974
0.071329
0.028698
0.005058
0.025498
0.019234
-0.082497
0.036395
0.075208
0.163978
-0.283112
-0.041096
0.001228
-0.113201
0.017687
-0.004291
-0.029456
-0.089017
-0.143304
0.100845
-0.018902
-0.094575
0.036826
-0.030238
-0.041135
0.123897
-0.067650
-0.122525
-0.024058
0.034389
0.018349
0.169047
0.080037
0.123153
0.087395
0.050335
-0.018012
-0.018564
0.208862
-0.018416
-0.227413
0.014980
0.052695
0.144486
-0.033961
-0.018058
-0.040620
0.031496
0.247313
0.212605
0.040757
0.221585
0.145614
-0.023995
0.172965
0.070788
0.005264
0.016532
-0.128377
-0.005042
-0.023639
-0.014643
-0.038960
0.065812
-0.002585
-0.170861
0.046279
0.021338
-0.066894
-0.020299
0.035818
0.046236
0.043341
0.035078
0.023325
-0.123507
0.034212
0.015735
0.110055
-0.030713
-0.106532
0.008287
0.060302
-0.020899
-0.152490
-0.020115
-0.100369
0.138405
0.027484
0.019824
-0.025151
-0.002551
0.094015
0.018763
-0.012480
0.100198
0.042990
0.026764
-0.085255
-0.049902
0.147777
-0.017963
-0.071538
0.055550
0.014584
0.023919
-0.064887
-0.025727
-0.067716
0.085963
-0.113567
-0.075840
0.070728
-0.049282
0.040617
0.114201
0.050644
-0.045969
-0.064815
0.099556
0.027057
-0.010546
-0.036588
0.037561
-0.090277
0.082393
-0.054105
-0.045549
-0.023656
0.147087
0.010339
0.087409
-0.014280
0.065892
0.048316
0.041184
0.085681
0.026924
0.042204
-0.024871
-0.122913
0.008822
0.122419
0.155235
-0.002992
0.003552
0.045908
-0.000149
0.051339
0.181029
0.022494
0.089990
0.003762
0.174820
0.265243
0.048040
0.056590
-0.029669
-0.117037
0.039264
0.046891
0.030061
-0.002225
0.137403
-0.036078
-0.023140
0.176461
-0.037441
0.060803
-0.086370
-0.004067
0.028047
-0.049564
-0.022851
-0.024559
0.009457
0.022765
0.020400
0.023069
0.015511
-0.039750
-0.045624
0.018442
-0.027848
-0.041096
-0.012874
0.045753
0.020083
-0.032621
0.052662
0.062422
-0.023369
0.023032
0.033924
0.051124
0.074007
0.015800
0.032412
0.066519
0.006002
0.051871
-0.026253
-0.032085
0.067157
-0.050772
0.037216
0.040474
-0.009331
0.020913
-0.005062
0.022260
0.026127
0.011938
-0.013890
0.019710
0.082676
-0.014821
0.028952
0.063772
0.022611
0.039239
0.049842
-0.027204
-0.008713
-0.045965
0.029930
0.028115
-0.061543
0.040733
-0.012435
0.001615
0.038796
-0.016573
-0.007824
0.037607
-0.026821
0.052591
0.026199
-0.008413
-0.014046
-0.014993
0.021941
-0.007784
-0.052420
0.003414
-0.029231
0.061047
0.033019
-0.020591
0.083046
0.026628
-0.002387
-0.019844
0.004009
-0.014969
0.018235
-0.040955
-0.041320
-0.012493
-0.007096
0.078721
0.043586
0.049864
0.074791
0.047224
0.034492
-0.003449
0.042028
0.006835
-0.015188
0.053946
-0.037288
0.024288
-0.021349
-0.037625
-0.029504
0.028552
-0.043023
-0.000224
-0.018483
-0.000591
0.024230
0.024814
0.029626
-0.033083
-0.045925
-0.028874
0.017336
0.011068
-0.037395
-0.039457
-0.007154
0.045979
-0.040559
0.025256
-0.022547
-0.009432
-0.035460
0.043256
-0.008901
-0.020840
-0.010081
0.000639
0.000177
-0.032595
0.013740
-0.031589
-0.006521
-0.032118
0.018558
-0.025995
0.017498
0.042765
-0.002662
-0.001991
-0.039507
0.001748
-0.031091
0.029904
0.010947
-0.017773
-0.010503
0.002116
0.026996
-0.002204
-0.023408
-0.045288
-0.012959
-0.007666
-0.002221
0.028343
-0.030183
-0.013558
-0.020430
0.020158
-0.049023
-0.007604
0.039541
0.042429
0.011571
-0.043046
-0.030972
0.027692
-0.048967
0.016340
0.027505
0.009639
0.016669
-0.006269
0.036482
-0.022288
0.024797
-0.021686
0.029887
-0.048259
-0.024947
0.005914
0.005132
0.013191
0.048977
0.002533
-0.008467
-0.031192
0.038090
0.022200
-0.012446
-0.012028
0.012680
-0.022894
-0.016218
-0.024669
0.034434
0.002527
0.017334
0.296113
0.123353
-0.021196
-0.050389
-0.137763
0.033434
0.250923
-0.048492
-0.028132
-0.036840
0.098044
0.239062
0.241502
0.215770
-0.057758
-0.142978
0.080544
0.008072
0.082841
0.030787
0.043669
-0.129720
0.122498
-0.022994
0.342043
0.092969
-0.107965
0.051826
0.035492
-0.061398
0.086226
-0.016939
-0.121161
0.018593
0.207925
0.276979
0.066425
0.144344
-0.007524
-0.029739
0.096038
-0.224627
0.002953
0.040819
0.012366
-0.098242
-0.075788
0.000402
0.031137
-0.034507
0.211013
0.104158
0.049040
0.051978
0.006820
0.038177
0.101657
0.087542
0.173937
0.083683
0.012793
0.038350
-0.038688
0.000223
0.090280
-0.010187
0.210243
0.002699
-0.100911
0.147021
0.011387
-0.058753
0.064082
-0.026305
-0.053179
-0.046337
-0.020228
-0.151387
0.124481
-0.068646
0.048655
-0.089503
-0.016230
0.002789
0.240148
0.023713
-0.313259
0.005924
0.079783
-0.018064
-0.073451
0.020483
-0.060248
-0.281624
-0.128739
0.078645
0.040476
-0.033181
-0.044815
0.050953
-0.103513
0.080749
0.015139
-0.066672
-0.131949
0.047367
0.008164
-0.004282
0.032912
0.051287
0.143942
-0.046284
0.158144
0.075126
0.035475
-0.092972
0.027888
0.002216
0.070539
0.023594
0.042006
0.035207
-0.046847
0.022341
0.248318
-0.171165
-0.108620
-0.013323
0.131210
0.125341
0.011789
-0.024936
0.112081
0.023728
0.232684
0.213320
-0.006579
0.272818
0.078155
0.051778
0.167351
0.051488
-0.016679
0.126338
0.000932
-0.012464
-0.019676
0.065960
0.066389
-0.025504
0.102754
0.050390
-0.031119
-0.060186
0.080633
0.100339
0.098177
0.140519
0.008213
-0.107574
-0.048742
0.209001
-0.043325
0.095988
0.007807
0.090434
0.151008
-0.027501
0.006400
-0.111535
0.023387
0.037480
0.060499
0.020549
-0.014295
0.126355
0.053723
0.150615
-0.140175
-0.101317
-0.073802
0.048771
0.104252
0.035311
-0.028999
0.034425
-0.029172
0.038440
0.025163
0.155155
0.039357
0.003410
-0.019141
-0.102735
-0.057535
0.154385
0.068193
-0.038008
0.038458
-0.024866
-0.054988
0.179028
-0.004223
-0.074506
-0.136571
0.078185
0.091041
0.035774
0.118105
-0.062563
-0.167393
0.111656
0.063688
0.135801
0.038347
-0.296253
-0.159447
0.016084
0.143693
-0.079636
-0.032409
0.383321
-0.033692
-0.022009
-0.056503
-0.143682
0.185315
0.006743
0.086367
0.124933
0.052538
0.048839
-0.323974
0.065431
0.092833
0.250039
-0.252732
-0.001632
0.104289
-0.085316
-0.014332
-0.030728
0.012905
-0.132623
-0.202892
-0.015892
-0.038797
-0.044841
-0.010726
0.177220
0.088999
0.031476
-0.039816
-0.050100
-0.000714
-0.003546
0.047263
0.324335
0.042185
-0.054015
-0.035316
-0.011133
-0.043619
-0.117246
0.271118
-0.185933
-0.305414
0.097569
-0.173748
0.078727
-0.077103
0.104069
-0.136714
0.002775
0.230951
0.188133
-0.041693
0.104964
0.309225
-0.139918
0.135811
-0.132449
-0.074035
-0.007277
-0.004963
0.025091
0.031129
-0.046248
-0.007167
-0.048549
0.043007
-0.088379
-0.101601
0.000157
-0.156990
0.189941
-0.062552
0.012361
-0.094712
0.026191
-0.007497
0.023981
-0.037991
0.030293
0.005995
0.029196
0.019060
-0.040495
-0.014084
-0.044303
-0.070286
-0.005917
-0.037066
-0.026582
-0.000258
-0.055032
0.033915
-0.006409
-0.013193
0.018895
0.008123
0.024357
0.047970
-0.020537
-0.063967
-0.043008
0.112361
-0.036656
-0.052409
0.044549
0.047158
0.014583
-0.047154
0.062566
0.057315
0.006878
-0.059362
-0.018424
0.023424
-0.024007
0.030446
-0.011775
-0.020224
0.000625
-0.045289
0.040114
-0.004803
-0.022391
-0.041414
0.022836
-0.068585
-0.017640
-0.033145
0.020307
-0.024917
0.022844
0.022426
0.078106
-0.018394
-0.010823
0.026011
-0.010874
0.090080
-0.033312
0.008015
-0.012394
-0.077313
0.051232
-0.031659
0.023946
0.028239
-0.027455
0.046440
-0.040808
0.044230
-0.005807
-0.027910
0.016984
0.058821
-0.005967
0.060322
0.051463
0.025945
0.041995
0.001874
-0.000931
0.095416
0.028433
0.020107
0.089702
-0.034843
-0.015826
-0.000935
-0.000041
-0.029315
-0.042598
0.003379
-0.038245
-0.061334
0.017868
-0.072861
-0.014169
-0.042000
0.027695
0.069070
-0.006419
-0.017944
-0.043370
0.017762
-0.026076
-0.055332
0.004714
-0.014812
0.080272
0.011910
-0.061472
-0.029811
0.032539
0.094530
-0.063057
0.033692
0.174562
0.004749
-0.038898
-0.111081
-0.080797
0.080361
0.066662
-0.027873
0.090445
-0.034422
0.022085
-0.081393
0.005989
-0.026453
0.050933
-0.153447
-0.030611
0.071987
-0.039020
-0.025843
0.064504
-0.050848
0.025019
-0.042556
0.094203
-0.015536
-0.028526
0.027872
0.053834
-0.033501
0.045733
-0.061641
-0.054585
-0.048013
0.044240
0.011767
0.136279
0.065620
0.049259
0.062473
0.046989
0.000201
-0.035338
0.104450
-0.075240
-0.152546
0.050188
-0.029443
0.051319
0.025940
0.030823
-0.039910
0.045459
0.133815
0.110121
-0.009021
0.077049
0.116208
-0.019252
0.120960
0.055024
-0.036677
0.013637
-0.080901
0.023162
0.072605
-0.034034
-0.005951
0.079191
-0.000718
-0.063884
0.051391
0.039487
-0.043763
0.054544
0.029536
-0.035556
0.007894
0.004897
-0.003713
0.013196
0.026668
-0.005405
0.165295
-0.052701
-0.060097
0.039997
-0.036748
-0.063094
0.039386
-0.074842
-0.134715
-0.059158
0.066561
0.093627
0.017521
-0.035944
-0.086370
0.012146
-0.010254
-0.039954
-0.123789
-0.006216
-0.040886
0.010139
-0.058646
0.073385
-0.033650
0.111899
0.037232
0.030847
0.153688
-0.112606
-0.110251
0.110621
0.025459
0.062732
0.068386
-0.018639
0.057096
0.030678
-0.014209
-0.014812
0.079639
0.118758
0.005928
0.017464
0.028665
-0.005748
-0.163278
0.194791
0.013855
0.044195
0.059021
0.025710
0.024521
0.014103
-0.050080
-0.016583
-0.017495
0.010725
0.161908
0.026807
0.032577
0.190508
0.044476
-0.071222
0.069963
-0.004965
0.026802
-0.093845
-0.007451
0.041599
0.016168
0.164032
0.006160
0.130319
0.013201
0.056731
0.227058
0.168396
0.065394
0.031358
0.005376
0.015013
-0.026100
-0.024965
0.008030
0.009851
-0.058617
0.063774
0.161768
-0.070023
0.074600
-0.046488
-0.023595
0.008334
0.049063
-0.084518
0.076306
-0.006018
-0.044935
0.091797
0.175764
-0.050403
-0.050626
0.023231
0.057762
0.072864
-0.114436
-0.053157
-0.117565
-0.048680
0.007421
0.154759
0.074945
-0.000607
0.041158
-0.008742
0.005460
0.159090
0.155079
-0.045259
-0.103976
0.244472
0.226220
-0.042046
-0.036036
0.073313
-0.021080
0.087288
0.006019
0.102913
-0.100768
-0.213644
-0.025385
-0.137383
0.022949
-0.061148
-0.100163
0.206920
-0.002842
0.071741
0.040863
0.120006
0.172882
0.071774
0.012302
0.049821
-0.188262
0.045939
0.034220
-0.054128
-0.030341
-0.056510
0.041876
0.005095
0.076849
-0.018917
0.028453
-0.112519
0.065677
0.012739
-0.017225
0.008293
-0.065558
0.091708
0.018324
0.013850
0.022210
0.133404
0.041840
-0.030805
0.043285
-0.010764
-0.005352
-0.069266
0.051023
0.052423
0.037553
0.070124
0.003514
-0.011466
-0.022909
-0.041594
0.293830
0.031918
-0.013213
0.021960
0.041010
-0.009774
0.028229
0.278757
0.063534
-0.046062
0.048357
-0.003011
-0.027019
-0.019909
-0.000908
-0.017779
0.018015
0.004847
-0.035935
-0.016385
-0.033797
0.007733
0.027931
-0.034023
-0.007913
0.079157
-0.016721
0.048632
-0.001891
0.049975
0.003175
-0.026747
-0.012972
-0.040076
0.007115
-0.033481
0.035736
-0.045119
-0.036785
-0.002675
0.020639
-0.036230
-0.043448
-0.075974
-0.037329
0.020254
0.029330
0.000298
-0.005276
-0.033526
0.029658
0.027815
-0.055165
-0.057337
-0.048642
-0.030499
0.038026
-0.036535
0.020459
-0.034682
0.039373
-0.016539
-0.053610
-0.024655
0.068868
-0.000436
0.021321
0.050020
-0.035117
-0.034589
0.006023
-0.024622
0.052675
0.026725
0.029111
-0.012279
0.060091
0.029600
0.070658
0.003554
-0.023158
-0.051014
-0.049721
-0.001059
-0.044979
-0.005733
-0.016827
-0.002193
0.033837
-0.024569
0.028539
-0.021425
0.059915
-0.015407
0.021956
-0.063223
-0.055670
-0.057315
-0.014800
0.026591
-0.040413
0.006007
-0.032854
-0.010243
0.051212
-0.057597
-0.048541
0.012472
-0.036264
-0.078683
0.007687
-0.038554
0.020918
-0.001348
0.053559
0.323834
0.033593
-0.031932
-0.118460
0.022522
0.069240
-0.007487
0.105150
0.024820
0.038480
-0.003003
0.061263
-0.009788
0.040315
-0.219458
-0.131934
-0.026413
0.190595
-0.061095
0.012822
0.363891
0.044413
0.015719
0.014419
0.013367
0.197425
-0.007078
0.122609
0.193024
0.054206
0.040818
-0.195851
0.024093
0.132337
0.088566
-0.116942
0.031533
0.057669
-0.085637
-0.164394
0.077819
-0.048772
-0.065094
-0.094995
0.060410
-0.057463
0.028245
-0.034900
0.100038
0.048252
0.058869
0.044402
-0.037386
-0.044034
-0.127064
0.101755
0.315637
0.142695
-0.160800
0.013508
0.009002
0.027233
-0.059217
0.224197
-0.127966
-0.127381
0.134188
-0.183338
-0.060731
-0.046337
0.151803
-0.052427
0.014306
0.275628
0.187545
-0.072602
-0.077367
0.280168
-0.165049
-0.035488
0.024492
-0.075433
-0.099330
0.079424
0.026175
0.187058
-0.040416
-0.006053
0.052032
0.038617
0.012734
-0.164846
0.202759
-0.204055
0.280971
0.019903
-0.006613
-0.073648
0.054396
0.108782
0.003389
0.029849
-0.019037
0.073929
-0.027261
0.080098
0.017268
-0.002748
-0.025568
-0.066312
0.002541
-0.002285
0.041123
-0.002703
-0.019080
0.112988
-0.019530
0.044078
0.071263
0.043577
0.045789
0.006907
-0.009511
0.030423
0.047561
0.007519
0.072164
0.006126
0.057222
0.028920
-0.035634
-0.032064
0.069233
-0.041331
-0.001277
-0.047960
0.040929
0.058747
0.063105
0.030550
-0.010020
-0.030053
0.105673
0.093486
-0.002637
0.034877
-0.030233
0.058594
-0.019621
-0.111814
0.030520
0.004360
-0.055470
-0.000251
0.051032
0.004231
0.053576
0.042601
-0.002394
0.051037
0.012808
-0.039767
0.047237
0.005169
0.023879
0.047660
0.008734
0.067392
0.107241
-0.001068
0.038245
0.038418
-0.039911
-0.029497
-0.029531
0.033797
-0.050116
-0.004327
0.100799
0.170163
0.035291
0.058964
0.032201
0.018650
0.005687
0.036074
0.021141
0.047967
0.053469
0.030234
0.012026
0.115722
-0.069061
0.079717
-0.028183
-0.041125
0.028249
0.005919
-0.037507
-0.131919
-0.196113
0.037367
-0.017111
0.004781
0.027433
-0.120822
-0.002950
-0.075147
0.072966
0.014299
0.006136
-0.001334
-0.029944
-0.010152
0.090665
-0.038248
-0.023527
-0.064067
-0.061530
-0.010388
-0.117780
0.129354
0.013693
-0.136099
0.070943
0.113150
-0.058791
-0.012740
-0.160324
0.022478
0.022968
0.057485
-0.000763
0.069108
-0.054460
0.056764
-0.087130
0.052801
0.038360
-0.011267
-0.069860
0.033778
-0.088083
-0.025921
-0.022539
-0.011675
-0.053760
-0.000671
0.062835
0.186793
-0.131588
-0.028163
0.169989
-0.030997
0.058519
-0.136583
-0.048343
-0.101182
0.102186
-0.079569
-0.017157
0.150908
0.028585
0.110488
-0.068967
-0.043350
-0.063753
0.042552
-0.026918
0.001060
-0.071580
-0.068949
-0.026437
0.050118
-0.062115
-0.039925
0.091397
0.074709
0.098094
-0.025345
0.019815
0.045546
-0.051417
0.023072
-0.035241
-0.006712
-0.037387
-0.004390
-0.102357
0.011329
-0.012843
0.035301
0.038981
0.072782
-0.107028
0.006758
-0.035741
0.060267
0.015517
-0.107331
0.030251
-0.124903
0.039422
0.011223
-0.010736
-0.097094
0.019275
-0.036443
-0.079850
-0.078807
0.277871
-0.080942
0.116852
0.055159
-0.092464
-0.018659
0.043341
0.055413
-0.133731
-0.038312
0.352429
-0.036284
0.006696
-0.161662
0.058516
0.173165
0.020649
0.173575
-0.127731
0.123741
0.081313
-0.145603
0.147442
-0.011293
0.145890
-0.179599
-0.169240
0.031340
-0.120763
0.040518
-0.002691
-0.043982
-0.191293
-0.169050
-0.081801
0.270810
-0.076753
-0.048717
0.111651
-0.062294
-0.022675
-0.111270
-0.050049
-0.024203
-0.055143
-0.045595
0.130713
0.016480
0.064467
0.073377
-0.044074
-0.035074
-0.029301
0.209470
-0.046835
-0.365395
0.109608
-0.157848
0.038145
-0.060052
0.029619
-0.165148
0.005114
0.253398
-0.010618
0.013600
0.212476
0.307151
-0.057947
0.098782
-0.157408
-0.073719
-0.004861
-0.049329
-0.020574
0.116034
-0.027353
0.016480
-0.175856
0.038971
-0.140197
-0.018697
0.175202
0.096844
-0.013670
0.009972
0.034322
0.005497
-0.014222
-0.056149
-0.049576
0.011670
0.088901
0.136310
0.018812
-0.013531
0.036037
-0.004398
0.009616
-0.023941
-0.010399
-0.108565
-0.013387
-0.024117
0.071232
0.029798
0.032258
0.003255
-0.041322
0.067512
0.127298
-0.064180
0.038188
-0.087147
0.059152
0.002589
-0.012791
-0.006935
-0.002952
0.010747
-0.015915
0.006970
0.056048
-0.118782
-0.006016
-0.041648
-0.052645
-0.012513
-0.055852
0.058025
0.106508
0.012880
0.026647
0.010640
0.018555
0.117795
0.037976
-0.001712
-0.051737
-0.131589
0.103017
0.034095
-0.067573
0.036331
-0.023715
0.027608
-0.007190
0.061965
-0.026255
0.049377
-0.045561
0.052061
-0.045244
0.051340
0.085301
-0.089306
0.007870
0.008936
0.001498
-0.046480
0.034862
0.022284
-0.033322
0.040108
0.002733
-0.004814
0.089707
0.017589
0.023695
0.123196
0.064272
-0.012786
-0.017472
-0.026453
0.010705
0.079289
0.056605
-0.002345
0.058588
0.009044
-0.047041
0.006012
0.068301
0.098775
0.015000
-0.008600
0.029694
0.033730
-0.041149
-0.097503
0.124528
-0.017622
0.129673
0.087737
-0.043482
-0.096114
-0.000413
0.035059
-0.035185
0.050144
-0.036384
-0.128672
-0.151570
0.085883
0.107441
-0.031625
0.040504
-0.000400
-0.033955
0.016891
0.147096
-0.068783
-0.016107
-0.162338
0.018382
0.148462
-0.070054
0.050716
0.104342
0.024806
0.102651
0.138013
0.094176
-0.064468
-0.066993
0.044173
-0.050979
0.115685
0.052371
-0.018919
0.107748
0.045497
-0.009977
0.011571
0.077826
0.226009
-0.042646
-0.021636
0.139582
-0.056959
-0.047580
0.009746
0.111530
0.053441
-0.082107
-0.021630
0.024307
-0.114318
-0.091044
0.039232
0.027472
0.037332
-0.016167
0.128237
0.108747
-0.099210
0.099833
0.001435
-0.124091
-0.043928
0.098698
-0.050859
-0.044029
0.164457
-0.027518
-0.011220
0.167214
0.024535
-0.057689
-0.026414
0.050158
-0.008664
0.031647
0.004561
0.008538
0.281393
-0.020931
-0.018976
-0.035890
0.096294
-0.003783
0.038012
0.261973
0.152947
0.111668
-0.000533
0.024376
0.003383
0.008029
-0.021522
-0.043031
-0.020306
-0.004184
0.023553
-0.037242
0.007922
-0.041927
-0.018766
-0.030214
0.014322
0.013245
-0.008687
-0.012855
0.012571
-0.045805
0.040667
-0.049266
0.031289
0.045049
0.010251
0.016480
-0.022079
-0.016316
0.017804
-0.012210
0.031062
-0.020873
-0.054068
0.022638
0.038863
0.027312
0.017619
0.017387
0.037069
0.046452
-0.031272
0.036386
0.012001
0.042907
-0.051794
-0.019812
0.010605
0.039677
0.006538
0.025348
-0.017273
0.040306
0.014065
-0.039728
0.038405
-0.017875
-0.040068
-0.001526
0.001922
-0.000722
0.018680
0.027904
0.031426
-0.022674
-0.032843
-0.044993
0.021945
-0.007499
-0.022283
-0.029516
-0.015106
-0.010925
-0.039061
0.048433
-0.016072
0.012608
-0.039947
-0.007087
0.016009
0.032899
-0.043585
-0.011624
0.060018
0.032788
0.004533
0.046859
-0.007505
-0.051744
-0.024511
0.046526
0.007684
-0.010291
0.005885
0.025049
-0.038982
-0.028912
-0.038314
0.005309
0.014492
-0.028822
0.030852
-0.046455
-0.036368
-0.036637
0.151287
0.195575
-0.019481
0.124344
0.124454
-0.007213
0.021561
0.035685
0.021543
-0.048900
-0.009875
0.041291
-0.024003
-0.021011
-0.047006
0.076875
0.096375
0.005642
-0.017408
0.050471
0.031779
0.076156
-0.043672
-0.037610
-0.011859
0.179037
0.025820
0.016303
0.070660
-0.069321
-0.015377
-0.002858
0.028558
0.058442
-0.019808
-0.051592
0.001084
0.027253
-0.057958
-0.015411
-0.017502
0.003977
0.047892
0.071717
0.019098
-0.043919
0.086496
-0.014350
-0.041637
0.015530
-0.095193
0.008960
0.066504
-0.056712
0.005295
-0.135470
0.036312
-0.037841
0.039189
-0.010275
0.065009
-0.054146
-0.102237
-0.018884
-0.005263
0.082258
0.089246
0.085479
-0.028668
-0.052508
-0.044575
0.052556
-0.003840
0.016505
0.025651
-0.047774
-0.032405
-0.075387
0.016247
-0.035459
0.002742
-0.003829
-0.074922
-0.053926
0.076699
0.016965
0.011845
0.001176
-0.041582
-0.005411
-0.001685
0.040965
-0.056500
0.212980
0.056017
0.097263
0.030975
-0.050529
0.046198
0.035633
-0.023920
-0.028301
-0.045726
-0.004363
-0.065645
-0.003886
-0.056152
-0.002782
0.008807
0.003738
0.002671
0.033783
0.035779
0.063423
0.025615
-0.015417
0.049659
0.001143
-0.057239
0.025664
-0.004044
0.110604
-0.064473
-0.034892
0.089393
-0.049685
-0.082050
-0.040831
0.101034
0.016826
0.033295
0.016377
0.096927
0.020807
0.009189
0.078999
0.043586
0.057817
0.044889
0.025724
0.108711
0.004046
-0.014149
-0.018991
-0.044932
0.002742
0.153002
-0.011025
-0.003959
0.027799
0.003112
-0.079184
-0.071613
0.049384
0.016049
0.013420
0.007501
0.030765
-0.080980
-0.024305
-0.021744
0.058655
-0.100252
-0.008138
0.025963
0.057522
-0.073341
0.063510
0.042798
-0.014453
0.042415
0.072155
-0.064804
-0.033405
-0.049709
0.006506
-0.002004
0.183922
-0.029238
0.013319
-0.068296
0.010301
0.091342
0.088594
-0.039284
0.033355
0.041215
-0.001948
-0.046131
-0.079774
-0.015388
0.030698
0.074249
0.026091
0.027752
0.105517
0.000862
0.027871
0.031930
0.016739
-0.035988
-0.019691
0.011603
0.021683
-0.037045
-0.021426
0.047135
0.006148
0.022972
0.027354
0.026392
0.020489
0.027826
0.029581
0.002771
0.022787
-0.042016
0.043400
-0.050998
-0.035122
-0.008114
-0.021735
0.009315
-0.032153
-0.013501
0.014328
0.001473
-0.018304
0.035776
-0.055295
-0.049492
0.006526
-0.041110
-0.025416
-0.015479
0.016537
-0.000802
-0.033222
-0.029421
0.018484
0.045902
-0.053171
-0.018322
-0.033136
-0.035406
-0.018636
0.041212
0.020390
-0.025153
-0.014138
0.009143
0.008251
-0.039833
0.038679
-0.017649
-0.001803
0.027222
0.027220
0.035614
0.028811
-0.005637
-0.014241
-0.031359
-0.046601
0.013832
0.029470
0.013978
-0.000151
0.014507
0.051954
-0.025080
-0.046216
-0.005036
0.007483
-0.013188
-0.030190
0.040957
0.014031
-0.002579
0.021582
-0.019473
0.024373
0.038882
-0.002463
-0.043840
0.021147
0.043428
0.046455
-0.046044
-0.030523
-0.039147
-0.003861
0.013186
0.036143
-0.051624
-0.041572
0.012369
0.024027
0.028425
-0.025387
-0.027881
-0.006870
-0.018837
-0.029066
-0.049277
-0.045730
0.039714
-0.007768
-0.041388
-0.017360
0.008860
-0.005053
0.010874
-0.004764
-0.006425
0.021309
-0.033974
0.039900
-0.033659
0.019266
-0.031108
-0.024675
0.016700
-0.018094
-0.001543
0.017091
-0.000514
-0.037438
-0.007251
0.018807
0.035038
-0.036294
-0.037013
0.014054
-0.017148
0.011156
0.018193
-0.024966
-0.044709
-0.023531
-0.043569
0.014604
-0.028355
0.017455
0.008049
0.015705
-0.011140
-0.025531
-0.046131
-0.045365
0.042485
-0.027654
0.029864
0.011176
0.004770
-0.020754
-0.018864
0.003825
-0.008278
-0.027408
0.021169
0.024941
-0.013913
0.034515
-0.009900
0.021035
0.044708
-0.038651
-0.005754
-0.048058
0.036495
0.002860
-0.034815
-0.041707
-0.029663
-0.028091
-0.027603
-0.041149
-0.003569
-0.024356
-0.034991
-0.008129
0.046140
0.045168
-0.046461
0.002514
0.022919
0.034202
0.004719
0.014038
0.005541
-0.024179
-0.009600
0.041164
0.008309
0.031793
-0.037286
-0.046229
-0.008103
0.014196
-0.030301
-0.029140
-0.008064
0.042108
0.105842
-0.021059
-0.001562
-0.039340
-0.014279
0.039672
-0.023873
-0.072451
-0.087291
0.024505
0.008137
0.068629
-0.007223
-0.029935
-0.040592
-0.024577
0.067289
0.115177
-0.115717
-0.020877
-0.011353
-0.014137
-0.056199
-0.010569
0.050950
0.070084
-0.025058
0.051548
0.034680
0.032064
-0.053430
-0.012775
-0.088353
0.050617
-0.028108
-0.063096
0.070882
0.034239
-0.038569
0.016515
-0.037161
0.057722
0.018499
0.011106
-0.009265
-0.104723
-0.125056
0.020464
0.007023
-0.085108
0.059902
0.037985
-0.009148
0.012465
-0.052246
0.010482
0.021049
0.042877
-0.017394
0.021115
0.087628
0.051084
0.003006
0.018238
0.075611
0.010146
-0.031536
-0.010688
-0.025374
-0.024704
0.106650
0.125448
-0.005584
0.155281
0.002929
0.032103
0.101110
0.029589
-0.020986
0.014873
-0.062707
-0.041750
0.053583
0.042890
0.037399
0.075324
-0.003962
-0.047203
0.151792
0.046461
0.022641
-0.027920
-0.024021
-0.024503
0.008215
0.018213
0.172054
0.037786
-0.024658
0.019867
0.060530
-0.008256
0.005329
0.047546
0.010418
-0.057756
-0.007910
0.081901
-0.013681
-0.057050
0.055444
0.112756
0.109798
0.014026
-0.015275
0.055272
-0.012379
-0.021028
-0.029800
0.046394
0.051524
0.210578
0.020147
0.000857
-0.086973
0.062716
0.013454
-0.021266
0.058810
0.085881
-0.114733
0.051825
0.031203
0.025755
0.058180
0.032069
-0.033924
0.068335
-0.027049
0.079891
0.052838
-0.032942
0.061890
0.001918
0.023590
0.013657
-0.130784
0.063350
0.060152
0.041906
0.032733
-0.009896
0.022012
-0.032076
0.098839
-0.009257
0.037840
-0.055388
-0.002598
0.013142
-0.078571
0.100279
0.096069
0.046846
-0.004043
0.080921
-0.029382
0.031144
0.086572
0.034830
-0.075055
-0.060971
0.043482
-0.055153
0.081027
0.029703
0.139463
0.046561
-0.015249
-0.004647
0.137847
0.045649
0.057253
0.031440
0.040260
0.022619
0.009958
0.023700
-0.006090
0.026985
0.125879
-0.055345
0.005414
0.003716
-0.023342
0.023845
-0.023415
-0.140663
0.033127
-0.008980
-0.163737
-0.039406
-0.014955
-0.013327
0.016056
0.058167
0.109415
-0.017106
0.163247
0.019112
-0.025038
0.053108
0.027544
-0.010961
0.058625
0.067152
-0.010310
-0.116181
0.125688
0.011011
0.207928
0.027826
-0.053168
-0.048489
0.019806
0.043446
-0.017447
-0.035761
0.096577
0.068800
0.197509
0.017019
0.107636
0.141043
0.072549
0.005376
0.121908
-0.057975
0.015865
0.083443
0.074099
-0.027753
0.028096
-0.026625
0.049116
0.022843
0.122395
-0.095418
-0.056960
0.067328
0.036310
0.127089
-0.036239
-0.044768
0.043043
-0.007830
-0.027809
0.078359
-0.049507
0.046252
-0.013452
-0.049231
0.180798
-0.025842
-0.013762
-0.033397
0.027276
-0.038962
0.056559
-0.001221
-0.038975
0.020741
0.041883
-0.015473
-0.080580
0.036931
-0.093351
-0.067994
0.069141
0.039907
0.007683
0.017970
-0.038588
0.000502
-0.020336
0.059104
0.013081
0.071889
-0.024450
-0.096993
0.037650
-0.018902
0.061594
-0.024488
-0.003364
-0.014387
-0.045086
-0.037215
-0.048510
0.010583
0.022396
-0.007811
-0.040462
-0.043019
0.013050
0.005072
0.003777
-0.035053
0.059616
0.041613
-0.001023
-0.003134
0.019644
0.007086
-0.030740
0.030455
-0.005283
-0.001118
-0.034625
-0.030736
0.098654
0.040254
0.011058
-0.014282
0.023633
-0.033603
-0.030389
0.011684
0.058904
-0.019114
0.000826
0.063720
-0.018487
0.049477
0.003766
0.035383
-0.011781
0.030264
0.031361
0.015577
0.011801
0.032542
-0.021230
-0.003464
-0.003872
-0.023081
0.031660
-0.023087
0.033717
0.014832
0.004887
-0.015611
0.054027
-0.031723
0.025069
-0.003593
0.040619
0.066007
-0.059022
-0.016081
-0.038361
0.026113
0.058107
0.018019
-0.002043
-0.032036
0.002483
0.042020
-0.032163
0.023130
-0.025129
-0.041509
0.010193
0.061100
-0.027027
-0.001798
-0.053053
-0.049507
0.050768
0.013378
-0.041189
0.026336
0.016660
-0.035693
-0.046921
-0.002814
0.006052
-0.002477
0.039215
0.010469
-0.028180
-0.003942
0.020249
0.030351
0.052947
0.051423
-0.019519
0.054079
-0.019330
-0.016500
-0.001660
0.023032
0.027223
0.019275
0.073505
-0.020695
-0.100779
0.009942
0.000259
0.121213
0.031905
-0.065180
0.019084
0.039226
0.016919
-0.024496
0.034632
0.133913
-0.015788
0.008744
0.001548
0.020140
0.111656
0.013779
0.002223
0.091578
0.048370
-0.050577
-0.125508
-0.015339
0.015207
0.105101
-0.089041
0.011254
0.070358
-0.047312
-0.029897
-0.031837
0.026497
-0.051840
-0.014216
0.058743
-0.039948
-0.000112
0.039022
0.020757
-0.024039
0.066786
-0.040008
0.003417
0.012713
-0.012856
0.019244
0.103522
0.085061
0.007199
0.032182
0.016425
0.037858
0.014672
0.026404
-0.015982
-0.119429
0.002812
0.019961
0.123853
-0.008777
-0.028105
-0.005704
-0.018286
0.006253
0.019028
-0.022386
-0.015792
0.111553
0.030733
0.116268
0.014617
0.012401
0.045042
-0.007179
-0.020724
0.029675
-0.028645
-0.018146
0.044996
-0.029644
0.026959
0.023121
-0.053833
-0.011662
0.053393
0.011080
0.043687
-0.020069
0.018730
-0.008458
-0.040458
0.009132
-0.008918
0.007924
-0.041673
0.031473
0.014383
-0.013599
-0.023514
0.100760
-0.029001
0.115152
0.005312
0.017719
0.037099
0.056297
0.038997
0.000077
0.044312
0.039231
0.018667
-0.036493
-0.017430
0.112212
-0.039425
-0.055202
-0.020320
0.127295
0.012609
-0.031597
0.041528
0.113381
-0.017462
0.137497
0.058205
0.000956
0.119060
0.060876
-0.027227
0.025785
0.014714
0.048038
0.111287
0.058955
-0.021187
-0.023297
0.067359
-0.011910
-0.037959
0.045355
-0.081834
-0.046377
-0.045325
0.006601
0.031544
0.021926
-0.008457
-0.009060
-0.075646
0.016301
0.144587
-0.103813
0.038681
-0.053751
0.008022
0.143626
0.049282
0.011037
-0.029565
0.010522
0.014377
0.068736
-0.017996
-0.002534
-0.012541
0.016093
0.084537
-0.134348
-0.013137
-0.151136
-0.045103
0.028847
0.065425
-0.049022
0.020390
-0.018029
0.055809
0.001875
0.050278
0.037411
-0.010822
-0.009198
0.028817
-0.036102
0.118051
0.014403
-0.045275
0.019089
0.067339
-0.001988
0.001921
0.045219
-0.036686
-0.094256
-0.036045
0.064865
-0.012380
0.046619
0.003935
0.007496
-0.005704
0.090411
0.055103
0.023479
0.014921
0.095586
-0.010720
0.034225
0.076676
0.024670
-0.054615
-0.008672
0.038686
0.135353
-0.041718
-0.026692
-0.014840
0.073052
0.097990
-0.031436
-0.056111
0.068749
0.025127
0.114729
-0.006846
0.061780
0.108272
0.049248
-0.009311
0.107394
-0.006857
-0.029513
0.118954
0.049993
-0.032505
0.038653
0.046923
0.025633
0.032884
0.041884
-0.002949
-0.059379
-0.047831
0.016023
0.100652
0.007339
0.017786
0.011934
0.005371
-0.016405
0.041610
-0.092569
0.025153
-0.098199
0.037552
0.137868
0.039881
0.082261
0.046659
0.018022
0.048461
0.089441
0.006866
-0.122830
0.043839
-0.027742
-0.042463
-0.132887
-0.009361
-0.011869
-0.057278
0.096704
0.036301
-0.023453
-0.014588
-0.020604
0.054257
-0.001570
0.036445
0.043389
-0.004075
0.018684
-0.066161
0.048665
0.066053
-0.019147
0.048731
0.042859
0.003294
-0.217430
-0.134081
-0.033810
0.010047
0.038093
0.007834
-0.124306
0.006764
-0.056493
0.083843
0.031790
-0.093565
-0.083213
0.085481
-0.050433
0.091090
-0.025556
0.007454
-0.009403
-0.072779
0.009247
0.010151
0.022487
0.036513
-0.128921
-0.068557
0.100591
-0.071654
0.102717
-0.010851
-0.022664
0.072714
0.127150
0.006111
0.024354
-0.086097
-0.004246
-0.137431
-0.023191
-0.089844
-0.023452
-0.018418
0.016647
-0.039765
-0.145457
0.058039
0.071535
0.032360
0.017618
0.019496
0.163897
-0.115358
-0.076297
0.117087
-0.056487
0.058547
-0.039451
-0.012954
-0.156872
0.031059
-0.019406
0.074689
0.076266
0.021241
0.181472
0.021720
-0.206418
0.014687
0.134025
0.007107
-0.019868
-0.046962
-0.098391
-0.046705
0.166685
0.138226
-0.015066
0.280666
-0.003890
-0.032470
-0.039553
0.026210
0.004705
-0.061520
-0.192098
-0.012856
-0.008562
0.001863
-0.000125
-0.042174
-0.022934
-0.061279
0.089329
0.219206
0.045697
-0.072790
-0.023481
0.020744
0.160191
-0.015442
0.050553
0.028114
-0.003607
-0.017551
0.025759
-0.034140
0.027128
-0.042491
-0.012901
-0.038527
0.018490
0.051824
0.029555
-0.041838
0.001238
-0.026875
0.037872
0.012688
0.000474
0.019932
-0.016639
-0.025507
-0.025031
-0.010513
0.012181
0.015224
0.045162
-0.007080
-0.013753
0.036784
0.027667
0.030029
-0.044779
-0.027773
-0.035393
0.033876
0.039746
-0.016577
-0.011326
-0.025003
0.045058
0.008405
0.017434
0.023136
0.013582
-0.027960
-0.006496
0.044617
-0.017296
0.044630
0.013062
-0.035858
0.013516
-0.024203
-0.047239
-0.025839
0.041191
0.046726
0.019637
0.022359
-0.022315
-0.007180
0.002143
-0.016685
-0.037236
-0.040364
0.013621
-0.049257
-0.004026
0.008839
0.020780
-0.007205
-0.038703
-0.011340
0.008386
-0.032748
-0.041282
-0.050815
-0.035671
0.042302
-0.004432
-0.034387
-0.043476
-0.043903
-0.005874
0.005918
-0.020346
-0.021059
-0.047424
-0.003928
-0.000042
0.029193
0.036003
-0.048999
0.007119
0.002577
-0.035916
-0.024730
0.045070
-0.050068
0.084098
0.208606
-0.019356
-0.013058
0.025500
0.032892
0.040997
0.016524
0.051334
-0.055764
-0.124572
0.129301
-0.060116
0.069886
0.063827
-0.129572
-0.086635
-0.010145
0.061234
-0.039597
0.023939
0.298748
-0.067435
-0.029807
-0.138264
0.081100
0.140954
0.069994
0.043955
0.062975
0.091244
0.057090
-0.174653
0.057995
-0.045928
0.184858
-0.121644
0.001837
0.031218
-0.039027
-0.074797
0.025533
-0.048767
-0.050811
-0.092301
-0.045977
0.038979
-0.013204
0.002635
0.112550
-0.074849
0.096291
-0.041123
-0.024709
0.007775
-0.044704
0.040919
0.199664
0.032327
-0.029389
0.018682
-0.039867
0.009056
-0.088991
0.163981
0.009370
-0.161550
0.092045
-0.133872
0.039579
-0.006883
0.077792
-0.038583
-0.003012
0.161968
0.063687
0.006220
0.026586
0.259116
-0.063569
0.204383
-0.001527
-0.120008
0.007536
0.125268
-0.036787
0.056765
-0.016034
0.047062
-0.052457
0.005238
-0.074736
0.003223
-0.046869
-0.009046
0.082932
-0.030722
-0.018838
-0.105792
0.019020
-0.041795
-0.059224
0.046793
0.003011
-0.015004
-0.044988
0.003504
-0.040899
-0.019913
-0.016976
0.012655
-0.053589
0.051195
0.040364
-0.009681
-0.001664
0.043291
-0.023922
0.015139
-0.028129
-0.016547
-0.034205
0.008440
-0.016501
-0.020457
-0.003867
0.019600
-0.046729
-0.030970
0.041319
-0.042839
-0.021605
0.012477
-0.036523
0.050410
-0.011543
0.022733
-0.019247
-0.035071
0.045476
-0.036749
0.045903
0.038197
0.019775
0.061074
0.039414
0.048371
-0.027462
0.052857
0.062945
-0.017900
-0.013629
-0.043103
0.029006
-0.037903
0.050401
-0.026577
0.008368
0.053273
0.041867
-0.044813
-0.041352
-0.022167
-0.041266
0.000805
-0.004867
0.017356
-0.028741
0.008475
-0.036303
-0.042660
0.008471
0.033274
-0.011585
-0.011274
0.027100
-0.034718
-0.059906
-0.030177
-0.018416
0.049796
0.008029
0.064381
0.020064
0.032115
0.006379
0.018620
-0.016405
0.011776
0.064485
-0.025865
-0.023829
-0.014851
-0.010006
0.001451
0.057895
0.000698
-0.026159
0.007485
0.040288
0.053981
0.053485
0.048616
0.001434
0.055949
0.041087
0.069923
0.018385
0.045085
-0.055444
0.011589
0.017431
0.033237
0.084816
-0.013734
-0.002969
0.014336
-0.007681
0.025974
0.025518
-0.002695
-0.033266
0.002847
0.015537
0.120769
0.032400
-0.074581
0.038351
-0.026531
0.084187
-0.048515
-0.060301
0.098900
-0.024136
-0.001985
0.032906
0.009081
0.102534
0.002746
-0.011021
0.016649
0.007567
-0.040060
0.061448
0.045986
-0.011334
-0.069535
0.061362
0.010441
-0.060566
-0.048246
0.049604
0.040846
-0.012573
0.002745
-0.027395
0.079368
-0.065893
0.086209
0.030956
0.034954
0.083192
0.039087
0.053407
-0.034767
0.002292
0.154571
-0.042954
0.057034
0.027830
0.002230
0.020439
0.101551
0.047231
-0.083943
0.051851
0.012299
-0.043743
-0.068571
-0.019515
0.072944
-0.004751
0.062079
-0.026115
-0.016288
-0.034231
-0.082968
0.064682
-0.021772
0.103631
-0.045439
0.011025
0.059330
-0.034515
0.034364
0.030742
0.022231
0.008381
0.013403
-0.010743
0.093484
-0.015832
-0.085752
0.014509
-0.046704
0.023799
0.053568
0.013031
-0.015052
-0.050761
-0.110884
0.252344
0.022543
0.194672
0.020962
-0.121249
0.035083
-0.050485
-0.036758
-0.054760
-0.008567
0.060257
0.041458
0.008144
0.004709
0.044365
-0.097307
0.038142
0.034468
-0.164327
0.062410
0.008029
-0.072570
0.042502
-0.032812
0.125870
-0.041719
-0.051613
-0.080830
-0.003616
0.067361
-0.131741
0.020992
-0.024386
-0.128620
-0.113556
0.110042
-0.049466
0.003610
0.049744
0.094552
0.042691
-0.029203
-0.066183
0.005291
-0.057254
0.018448
-0.043324
0.011324
0.150897
-0.022084
-0.008675
-0.066593
0.017734
0.063388
-0.021568
-0.129731
-0.034951
0.032123
0.145702
-0.042502
-0.005187
-0.005773
-0.040737
-0.037391
-0.118556
0.024770
-0.001824
0.149096
0.007753
0.061941
-0.141279
0.027084
-0.038375
0.042190
0.000493
-0.180661
0.009476
-0.011485
-0.141446
-0.071039
-0.059848
0.034516
-0.030423
0.033921
-0.050098
-0.047097
0.042285
-0.038461
-0.018739
0.075671
-0.001796
-0.017373
0.011589
-0.036820
0.040696
0.056980
-0.045255
-0.045731
-0.032547
0.084357
0.076499
0.099541
0.099978
0.010685
0.037568
0.093138
-0.045662
-0.062340
-0.018621
-0.021165
-0.042487
-0.046541
-0.014432
0.121927
-0.047300
-0.139907
-0.020355
0.044810
-0.047613
0.053792
-0.000203
0.032725
0.004968
0.052485
0.057983
0.039511
0.115402
-0.052152
0.054126
0.030477
-0.086055
-0.030627
0.041078
0.016437
-0.082234
0.088609
0.001385
0.017972
0.028929
-0.009037
-0.039378
0.014867
-0.022717
-0.022255
-0.019397
0.053451
-0.020272
0.054548
-0.004400
-0.011501
0.091737
-0.085692
0.042446
-0.047733
0.065053
0.050545
0.039036
0.008393
0.059637
-0.017761
-0.051649
0.036107
0.039628
-0.033012
-0.065608
0.047875
0.035432
-0.069779
-0.062228
0.014501
-0.042376
-0.004575
0.054772
-0.018534
0.025311
-0.085013
0.042568
-0.019948
-0.021093
0.012366
0.008875
0.003701
-0.076022
0.004212
0.063733
0.002697
-0.041138
-0.018387
0.037673
-0.038849
0.111467
0.066738
-0.017524
0.215333
-0.053640
-0.019577
-0.012811
0.008086
0.009134
0.114147
-0.127550
-0.081735
0.002008
0.061261
0.079352
-0.037264
0.018321
0.001138
0.010241
0.025066
-0.029734
-0.121316
-0.007063
0.007672
0.027224
-0.049782
-0.004369
-0.087274
0.008252
0.005213
0.024628
0.101590
-0.115307
-0.023161
0.071859
-0.011296
0.086685
-0.022690
-0.038504
0.081411
0.017789
-0.019616
0.001382
0.068561
0.081294
-0.059256
0.086147
0.029822
-0.088885
-0.117862
0.127465
0.042636
-0.013761
0.042552
0.055928
0.033919
-0.006857
0.018917
0.017948
-0.028282
0.033092
0.183585
0.039611
0.018194
0.127762
0.094101
-0.011882
0.085075
-0.042633
0.058496
-0.051314
0.032778
0.023288
0.110488
0.178237
0.035684
0.116783
-0.020847
0.022308
0.156891
0.198661
-0.027284
0.042239
-0.022881
-0.002737
0.007933
0.038484
-0.041878
0.063785
-0.062743
0.028712
0.066202
-0.009384
-0.028345
-0.021828
0.003032
-0.011043
-0.005534
0.050935
0.041608
-0.058369
-0.016227
-0.044786
0.010944
0.012753
0.028658
0.005403
-0.019559
0.038385
-0.013078
0.089180
-0.020812
0.029870
0.012929
-0.028104
-0.007622
0.022673
0.015129
0.017657
-0.032389
-0.082112
0.021109
0.006484
0.052797
-0.009970
-0.009344
-0.016654
-0.019046
-0.080025
0.029893
-0.036310
0.021632
0.076493
0.045254
0.018768
0.059359
-0.029866
0.004854
0.022992
0.035670
-0.089807
0.033534
0.001035
0.019921
-0.030434
0.051659
-0.028516
-0.036308
0.062630
0.094800
0.016849
-0.043299
0.018032
0.031826
0.050084
-0.051188
-0.042813
0.039281
0.019517
-0.016482
0.002745
0.051322
0.019190
-0.051710
0.020412
-0.033857
-0.040321
-0.011523
0.056112
0.033151
0.020071
-0.029238
-0.042776
-0.018439
-0.009576
0.000038
0.037443
-0.017329
0.000769
-0.014449
-0.015090
0.058651
0.061235
0.012290
0.014834
-0.018345
-0.000093
-0.004037
-0.057071
-0.025730
0.040664
0.018126
-0.089319
0.035978
-0.086976
-0.017902
-0.046170
-0.017921
0.002512
-0.170584
0.107149
0.034219
0.070143
0.002791
0.011650
-0.025866
0.008725
0.037583
0.032096
0.193948
-0.082732
0.003525
-0.232698
-0.007816
0.122786
-0.110786
0.029772
0.014757
-0.048138
-0.080703
-0.108663
0.071664
0.037556
-0.067290
0.071881
0.087626
-0.058075
0.062602
-0.016521
0.032898
0.063124
0.160799
0.005393
0.161044
-0.069427
0.138981
-0.054677
0.046607
0.032596
-0.085867
0.021846
-0.015666
-0.073966
-0.094371
-0.024980
0.010721
0.006529
0.000477
0.014952
0.246071
-0.200325
0.111509
0.171339
-0.018606
-0.072164
-0.083531
-0.091755
-0.084926
-0.015404
-0.029705
0.021221
0.099258
0.035122
0.166504
0.023360
0.031931
0.002346
0.007429
-0.249297
-0.044226
0.007359
-0.109009
-0.009762
0.213224
0.047014
-0.038767
0.121141
0.092623
-0.090954
-0.303049
0.054349
-0.085062
-0.015678
0.052716
0.007919
0.075261
-0.029110
-0.058091
-0.156418
0.106486
0.033442
-0.070699
0.289953
-0.085163
0.072570
-0.026750
-0.035394
0.111487
-0.002405
-0.103536
0.036363
0.057483
-0.041633
0.182690
-0.048739
-0.097807
-0.026480
-0.001275
-0.072180
-0.027877
0.170749
-0.214092
-0.029718
0.079144
-0.025744
-0.117146
-0.001189
-0.083978
-0.134670
-0.015277
-0.142065
-0.107718
0.052465
-0.258254
0.076289
0.076790
-0.030422
-0.194005
-0.097232
0.080669
0.025075
-0.066037
-0.084624
-0.090983
0.296223
0.022627
-0.017130
0.000294
0.012090
0.091873
0.011384
0.037810
-0.243707
-0.019481
0.070127
-0.095969
-0.051833
-0.022551
0.049451
-0.014675
0.182900
0.019011
0.277847
0.021626
0.053272
-0.096686
-0.005642
-0.021541
0.231672
0.001789
-0.044289
0.375837
-0.031735
0.274705
0.171219
-0.124420
-0.075591
-0.064178
0.053274
0.023967
-0.083109
-0.148588
0.026556
0.187779
0.095702
-0.006056
0.133138
0.172297
0.036605
0.272214
0.149859
-0.000286
0.017627
0.179160
0.044992
-0.072906
-0.095366
0.051060
0.041823
-0.076953
0.025885
-0.023263
-0.170690
0.092112
-0.246819
-0.050802
0.030337
-0.022520
-0.034470
-0.030731
-0.010757
-0.032564
-0.025589
0.039700
-0.044086
0.027599
-0.006149
0.020594
0.044260
0.006235
0.076690
-0.006216
0.158534
-0.059669
-0.023982
-0.032230
0.041732
-0.016977
-0.045337
-0.026209
0.080591
-0.018533
0.002446
-0.017023
-0.079021
-0.061959
0.043679
0.120835
-0.037999
-0.051520
0.077180
0.030378
0.018757
0.013781
0.057681
-0.096887
-0.030469
-0.075556
-0.076738
0.029901
-0.056026
-0.027200
-0.026995
-0.069018
-0.075510
0.094903
0.003945
0.034661
-0.006198
0.027317
-0.075353
0.039261
-0.020578
-0.023970
-0.012693
-0.047182
-0.028819
-0.009678
0.000348
0.035002
-0.007160
-0.058919
-0.026406
0.099699
-0.003946
-0.123587
-0.006752
0.088547
-0.011953
0.029188
-0.011154
-0.045436
-0.027178
0.088204
0.000801
-0.024710
0.061661
-0.002367
-0.005561
0.014798
-0.014205
-0.011714
-0.041175
-0.044428
0.013052
-0.089509
0.043318
-0.045535
-0.070760
-0.038688
-0.066916
0.031011
0.099259
-0.071292
0.030443
-0.049356
0.029971
0.009632
0.029856
0.010933
0.005523
-0.038617
0.022174
0.037099
0.023405
-0.002374
0.012162
0.048476
-0.005452
-0.091420
-0.001061
0.002744
0.020809
0.034535
-0.020177
0.081554
0.041296
0.051686
-0.031476
-0.007837
0.203133
0.083571
-0.024856
-0.108894
0.097334
0.197794
-0.024745
0.066538
0.010954
-0.027499
0.086996
-0.104400
0.143671
-0.017673
-0.029374
-0.069984
-0.063232
0.020607
0.002562
-0.066067
0.021121
-0.007288
0.027499
-0.071561
-0.028740
0.132386
-0.055413
-0.012647
0.044014
-0.069209
-0.026583
-0.037332
-0.008795
-0.026142
-0.043413
-0.044662
0.085756
0.029262
-0.072400
-0.023433
-0.059375
-0.053574
0.006272
0.105679
-0.121198
-0.133347
0.082633
-0.031817
-0.006170
0.031137
0.116973
-0.030849
-0.006732
0.100887
-0.012657
-0.018434
0.059144
0.118845
-0.011452
-0.040803
-0.065968
-0.030905
-0.044190
-0.046584
0.046335
0.137073
0.028401
-0.018170
-0.003130
0.090748
0.008959
-0.039235
0.184886
-0.009551
0.005424
0.013691
0.024805
-0.020016
0.093590
-0.188056
-0.132751
-0.016089
-0.125163
-0.119563
0.015736
-0.053679
-0.040886
0.039090
0.016136
0.064715
-0.049237
0.174824
0.226440
0.036649
-0.085658
0.067510
-0.036337
0.101036
0.013978
-0.000655
0.129775
0.046926
0.018614
0.235365
-0.233524
-0.017991
-0.083042
0.108039
0.164331
-0.032092
0.043040
0.024416
0.041239
0.313401
0.182923
-0.054069
0.244964
0.061613
-0.021318
0.214546
0.058213
-0.006583
0.074055
-0.048262
0.080531
-0.085358
0.070125
0.089784
-0.073314
0.062142
0.049239
-0.130846
-0.029111
0.067559
0.144548
0.078053
0.110200
0.035277
0.007875
-0.025162
0.263473
-0.011669
0.066905
0.104915
0.040178
0.071851
-0.037205
0.091605
-0.030651
0.090871
0.021773
0.004123
-0.005750
0.029893
0.253967
0.043314
0.176383
-0.118611
-0.009260
-0.061714
0.015385
0.157287
0.116151
-0.079742
-0.011724
-0.031819
0.002137
-0.060253
0.159248
0.033072
-0.034343
0.120705
-0.173454
-0.047008
0.155384
-0.001270
0.048165
-0.019976
-0.005491
-0.032722
-0.055473
0.046072
0.018219
-0.040651
0.038568
-0.044335
0.049641
-0.035905
0.019704
-0.019637
-0.028887
0.071801
0.003343
-0.034747
0.010169
0.056825
-0.028753
-0.005120
0.041532
0.022140
-0.067425
0.050094
0.022879
0.044240
-0.035175
0.053562
-0.032512
0.015592
-0.028429
0.018109
0.051841
-0.017876
-0.026287
0.004264
0.042338
0.080115
0.005122
0.000981
-0.025227
0.063801
0.000346
0.025931
-0.006495
0.005300
0.031578
0.040270
0.003815
-0.042975
0.020741
0.084856
-0.046054
-0.043006
-0.007294
-0.052053
0.061512
-0.033379
-0.013037
-0.039063
0.038755
0.015986
0.004441
-0.014429
-0.002737
-0.001252
-0.009312
-0.008051
0.038592
0.037332
0.009940
0.013687
-0.030659
0.021112
-0.020428
0.017695
-0.017764
-0.035525
0.022909
-0.024844
-0.021707
-0.078579
0.021796
0.016960
-0.024162
0.032526
0.045858
0.015559
0.011328
-0.014220
-0.028120
0.043462
0.022394
0.015235
-0.043900
0.009427
-0.003198
0.048254
0.026245
0.000810
-0.033017
0.226607
0.020101
0.004300
-0.002232
-0.007299
-0.054191
0.099646
-0.018024
-0.031757
0.010124
-0.086072
0.235096
0.050246
-0.106660
0.002518
0.135235
0.146269
-0.024048
-0.007139
0.050508
0.010514
-0.161361
0.128309
0.009804
0.018693
0.316359
-0.012313
0.082482
-0.097632
-0.132633
0.102320
0.008614
0.018872
0.111280
-0.108031
-0.044993
0.154188
-0.099175
0.045103
0.060689
-0.063911
-0.107353
0.006133
-0.064939
-0.006509
-0.085945
0.124752
-0.028783
-0.016368
0.125987
0.020330
0.010807
0.066695
0.096874
-0.051601
0.027495
-0.088610
-0.106985
0.069835
0.131709
-0.041548
-0.050897
0.054841
-0.034401
0.031316
0.025099
0.040169
0.070054
-0.058004
0.042986
0.003285
0.013342
0.058611
0.004749
0.004453
-0.201601
-0.033242
-0.097333
0.151454
0.136787
0.030591
-0.060824
0.018933
0.002218
0.210635
0.027642
0.043334
-0.046628
-0.027781
-0.070346
-0.013925
0.013550
-0.078098
-0.020804
0.185398
-0.173973
0.028598
-0.035818
-0.011357
0.014179
0.032776
-0.030646
-0.009246
-0.041350
0.021595
0.037727
-0.030449
0.030149
0.019100
0.001178
-0.063761
-0.002205
-0.055447
0.047046
0.044565
-0.004128
0.017381
0.017185
0.033892
-0.040732
0.042328
-0.024985
0.037346
0.050038
-0.003130
0.027772
0.005170
-0.036213
0.031587
-0.011908
-0.030001
-0.024259
0.046589
0.018914
-0.030898
-0.005197
-0.054957
-0.042431
-0.033683
0.024678
0.035442
0.020622
-0.038836
-0.031096
-0.012999
0.007322
0.024323
0.040163
-0.030328
-0.007323
-0.005156
0.013459
-0.044188
-0.007160
0.004049
0.046565
-0.046569
-0.009095
-0.016341
0.021522
0.038565
0.008116
0.034841
0.022690
0.026239
0.011730
-0.058889
0.014856
-0.018148
0.049916
-0.002686
-0.026104
-0.009360
-0.045599
0.008022
-0.015873
0.009735
0.039143
-0.022578
0.045472
0.041553
-0.018086
-0.016427
0.030764
0.002386
-0.027236
-0.039131
0.027793
0.017438
0.001387
-0.035646
0.044209
-0.022027
-0.017327
0.047866
-0.005949
-0.008815
-0.021333
-0.012510
-0.009278
0.038511
-0.227521
-0.036752
0.002827
-0.066426
0.036601
0.019043
0.032328
0.037503
0.023326
-0.288234
0.168685
0.074431
0.137179
0.018002
0.006324
0.154845
-0.025887
0.022982
0.015479
0.061793
0.265648
0.243714
-0.029970
-0.040087
0.193119
0.186406
0.021825
0.059708
-0.130175
-0.023814
-0.005743
-0.208000
0.247134
-0.035199
-0.105841
-0.165754
-0.197999
0.044629
-0.116200
-0.104029
0.035715
0.001769
0.038910
-0.151832
0.024726
0.257013
-0.072395
0.022898
0.128828
0.014209
-0.138792
-0.072398
-0.104992
-0.075490
0.008657
-0.039828
0.110126
0.137077
0.078155
0.046389
-0.004418
-0.047704
-0.008499
-0.026749
-0.201124
-0.284309
0.089576
-0.041569
0.219021
-0.030627
0.059446
-0.036926
-0.003111
0.101083
-0.106734
-0.051273
-0.038087
0.149611
0.123878
0.131421
-0.196398
0.030578
0.007201
-0.145589
0.041747
0.209911
0.002040
0.050421
-0.032669
0.063587
-0.110350
0.021247
0.200166
0.101322
-0.048803
-0.005540
0.008185
-0.009208
0.045682
-0.069335
0.058180
-0.022767
0.066498
0.015746
-0.060454
-0.019147
-0.002060
-0.035688
0.060435
0.149056
0.023412
0.035862
-0.113883
-0.038558
0.104079
0.026306
0.047985
-0.040622
-0.009374
-0.007831
-0.028271
-0.006080
0.006136
0.126267
-0.028335
-0.030871
-0.029992
0.056184
-0.026895
-0.017634
0.000949
0.154304
0.052802
0.024363
-0.053142
0.150431
0.070970
0.021997
0.078706
0.089838
-0.053035
0.049040
0.017145
-0.010736
-0.065951
0.089762
0.035709
-0.027145
-0.015008
0.072115
-0.101857
-0.026152
0.089003
0.001515
-0.003941
0.004506
-0.083286
-0.106180
-0.068295
0.028533
0.083889
-0.047965
-0.016201
0.011439
0.060079
0.059038
-0.027531
0.028731
-0.114309
0.061574
0.010880
-0.014298
-0.017088
-0.077332
-0.102842
-0.002836
0.083033
-0.080596
-0.067379
-0.182828
0.007345
0.064030
0.054621
0.052174
-0.038562
-0.033320
-0.008367
-0.000906
-0.077150
0.081125
0.100838
0.003992
0.033717
0.066041
0.036815
-0.019335
-0.021948
0.036367
0.025578
0.010192
0.186735
0.065243
0.068396
0.027680
0.014398
0.034462
-0.045373
-0.002705
0.049199
0.062317
-0.028472
-0.044144
-0.144874
0.029487
0.061401
-0.029249
0.025084
0.077779
-0.027142
-0.007072
0.156057
0.052352
-0.044398
-0.031739
0.075710
0.175805
-0.037605
0.067965
0.113441
0.027931
0.055676
-0.012987
0.067099
0.028160
-0.081220
-0.032874
-0.003912
0.069685
0.024573
-0.114873
0.138589
0.001189
0.048949
0.050674
0.033546
0.008440
0.031715
0.014245
0.101794
-0.039472
-0.037956
0.093275
-0.028135
0.015404
-0.080465
-0.009770
0.113049
0.044367
-0.148892
0.001332
-0.012275
0.020149
-0.034850
0.070240
0.034146
-0.003649
0.093216
-0.051335
-0.119020
0.035635
0.055645
-0.036555
0.048424
0.166712
0.076241
-0.026070
-0.019889
0.054052
-0.088700
-0.106921
0.007981
-0.018437
-0.084611
0.049258
0.009935
0.226895
0.029516
-0.028861
0.041982
0.063808
0.036014
-0.043857
0.268090
-0.021519
0.116139
-0.018637
0.045157
0.017032
-0.038196
0.211324
0.251880
-0.003370
0.067306
0.177945
0.042883
0.070373
-0.023294
0.001297
-0.104162
0.030121
0.063349
-0.109078
0.052911
0.015828
-0.008342
0.004571
-0.018645
0.059688
0.057780
0.057754
0.175172
-0.129552
-0.001749
0.045898
0.108637
-0.031374
0.072356
-0.079752
0.116226
0.077542
0.025004
-0.003098
-0.025907
-0.120839
0.148790
-0.037872
0.088267
0.016784
0.035981
-0.063680
0.045717
0.018708
0.039944
0.083693
0.046563
0.035930
-0.017943
0.060171
-0.037894
-0.217772
0.211592
0.084051
-0.047105
0.050466
-0.078032
0.044187
0.106164
0.128941
-0.026686
-0.004838
0.010586
-0.050897
0.005533
0.007263
0.078806
0.032557
0.058413
-0.036660
0.055667
-0.063108
0.059351
0.044937
-0.026270
0.000867
0.000307
0.047251
-0.058049
0.040827
-0.011290
0.177580
0.114060
-0.073408
0.012977
0.104355
-0.018127
0.048739
-0.013514
-0.013983
0.054489
0.026740
-0.029322
0.037932
0.012103
0.048405
0.119804
0.039823
0.001737
-0.077888
0.006977
0.016616
-0.019409
-0.019123
-0.020889
0.004579
-0.043612
0.039957
-0.004560
0.003863
-0.026785
-0.019918
-0.039022
0.009764
-0.012079
0.010423
0.012756
-0.037663
-0.023291
-0.013670
-0.018726
-0.029417
-0.017161
-0.044177
-0.021604
0.039466
-0.000419
0.019673
-0.025029
-0.002169
0.044592
0.031905
-0.034141
0.023999
0.011090
-0.006944
-0.022190
0.017563
-0.014827
-0.026979
-0.027797
-0.042773
0.003382
-0.015648
-0.033373
-0.009284
-0.006583
0.030984
0.004775
-0.031796
-0.031996
-0.016540
-0.011240
-0.049651
-0.009005
-0.033769
-0.009522
0.040151
0.035923
0.015352
0.037803
-0.019833
0.045381
-0.046551
-0.045530
0.006975
-0.001390
0.031240
-0.022964
-0.017398
-0.044322
0.047949
0.039494
-0.041960
0.030849
-0.042840
0.046778
-0.025706
-0.013104
-0.048863
-0.007586
0.005373
-0.014338
-0.020263
-0.045615
0.026623
-0.003095
-0.004875
-0.033773
0.031930
0.009091
-0.045650
-0.037709
-0.044706
0.006043
-0.033058
-0.037539
0.003828
0.049790
0.038467
0.086955
-0.007016
0.100927
0.033592
-0.069861
-0.120196
-0.015096
0.019832
0.041456
0.017856
-0.035443
0.194774
0.087525
0.236890
0.099758
-0.017176
-0.084429
-0.012319
0.023272
0.048925
-0.004331
0.018093
-0.017232
-0.034422
0.035317
0.364059
-0.167376
-0.216503
-0.034684
0.159524
0.101995
0.056887
0.007824
0.069650
0.003711
0.258983
0.220432
0.094352
0.213387
-0.023013
-0.008753
0.188930
-0.065810
0.038745
0.119190
0.043234
-0.040423
-0.060084
0.018771
0.075301
-0.034941
0.184718
-0.005346
0.033446
-0.008981
0.000230
0.041218
0.107742
-0.027198
0.027644
-0.038694
-0.019307
0.177723
-0.153844
0.074071
0.064506
0.034377
0.163220
0.011117
0.057711
-0.065397
0.053005
0.016919
-0.009582
-0.039419
-0.092412
0.024005
0.034402
0.119842
-0.121753
-0.131139
-0.197714
-0.084299
0.101865
0.014072
-0.048864
0.002801
-0.191498
-0.033583
-0.043136
0.061740
-0.032864
0.009929
0.041899
-0.083471
-0.043203
0.181692
0.006695
0.036282
0.039880
0.031212
0.038425
-0.003492
0.016613
-0.014278
-0.032096
-0.019192
-0.035311
0.041289
-0.039016
-0.016530
0.012846
-0.009410
-0.029274
-0.042605
0.036385
-0.009593
0.013969
-0.048823
0.044510
0.023344
-0.006782
0.009589
0.029819
0.038230
-0.012178
0.011641
0.001169
-0.016958
0.043645
-0.021265
-0.038924
0.024886
-0.028072
-0.033678
-0.040244
-0.008631
0.004779
0.032348
0.021031
-0.041369
0.021468
-0.024482
-0.017062
0.028974
-0.016051
-0.033800
0.021211
-0.010206
0.014039
0.010819
-0.041676
0.014361
-0.043302
-0.004026
-0.007196
0.062210
0.044450
0.049624
0.023967
0.040947
0.005231
0.038337
-0.026302
0.018969
-0.000103
0.026397
0.032924
-0.014365
-0.012324
0.056346
-0.010756
0.047090
-0.025955
-0.032669
-0.020340
0.061965
0.028772
0.062805
0.000630
0.004742
0.023195
0.057091
0.044348
-0.038104
-0.014604
0.027533
0.009353
0.019850
0.015083
-0.017384
-0.046408
0.021300
-0.029701
-0.049992
-0.005473
0.045196
0.025332
0.023454
0.028543
-0.035357
0.074551
0.040342
-0.009554
-0.031453
-0.039007
-0.011220
0.102507
0.001952
-0.027686
0.012792
-0.026113
0.045576
0.090636
0.115884
-0.053719
-0.075209
0.004807
0.032571
0.011735
0.024934
-0.045396
0.062109
-0.003434
0.014119
0.068151
-0.049995
-0.094054
0.072372
0.094279
0.006250
0.022526
-0.046464
-0.002691
0.022888
0.045458
0.031446
-0.070545
0.004676
0.002190
-0.034471
-0.024929
-0.055007
-0.005544
-0.014767
-0.016710
-0.076765
-0.031346
-0.009040
-0.042894
-0.018809
0.091001
-0.011789
0.038135
-0.015739
0.026850
-0.053845
0.075464
0.045574
0.028606
0.040806
-0.025305
0.040890
-0.081661
-0.033425
-0.010411
-0.097571
0.042047
-0.006157
0.033100
0.084130
-0.053838
-0.003655
-0.038804
0.003427
-0.016142
-0.068715
0.023012
-0.042163
0.051858
-0.039794
-0.004883
-0.133558
0.003927
0.043597
0.019704
-0.025642
-0.097161
0.001408
-0.030367
-0.027828
0.034629
0.013681
-0.033045
-0.047173
-0.040669
0.055127
-0.054504
0.012222
-0.010780
0.043689
0.043459
0.003577
-0.006265
0.049565
0.008493
0.012886
0.004693
0.033708
-0.007358
-0.022774
-0.033552
-0.006429
0.023085
-0.040677
-0.014335
-0.004704
-0.014650
-0.014126
-0.043766
-0.047597
-0.006357
0.000993
0.042615
0.020312
-0.003623
-0.044715
0.030078
0.001914
0.018065
-0.024774
-0.003778
-0.037561
0.031507
-0.012107
0.007280
-0.015525
-0.001574
-0.035644
-0.028991
0.042176
0.039738
0.035201
-0.012564
0.015024
-0.005376
-0.028272
-0.037909
0.032921
-0.044173
0.016822
-0.016525
-0.001589
-0.029925
0.026258
-0.030353
-0.031864
0.030023
-0.050130
0.019155
0.051064
-0.023568
0.013782
-0.036445
0.004918
-0.045183
0.021783
-0.010081
-0.048172
-0.013875
-0.039662
0.043977
-0.022257
-0.005313
-0.018247
0.047192
0.040232
-0.048028
0.006526
-0.027275
-0.042036
-0.026485
0.009124
0.004688
0.041341
-0.017596
-0.024930
-0.039379
0.013712
-0.024748
-0.019940
0.012692
0.049941
0.046657
-0.025308
-0.046611
-0.003363
-0.006509
-0.005795
0.001358
0.036193
-0.028329
-0.015254
0.012999
0.006702
-0.043296
-0.003954
-0.023509
-0.024112
-0.003037
0.028700
0.075724
-0.025611
0.042994
0.006089
0.016568
0.034009
-0.029329
-0.022692
-0.051649
-0.014170
-0.000949
-0.058776
0.044742
0.002270
0.030434
0.038827
-0.062899
-0.031138
0.011396
0.042045
0.012878
-0.001401
0.038933
-0.017912
0.073803
-0.043308
0.017223
0.046923
0.049502
0.043062
0.047906
0.017948
0.003010
0.006774
0.007574
-0.042192
0.073167
0.031552
-0.001809
0.016547
0.055369
-0.089612
0.032519
0.077222
-0.041224
0.026793
0.028152
-0.023877
-0.064688
-0.042979
-0.004163
-0.000059
-0.053293
0.057725
0.002503
-0.000148
0.044742
-0.026097
-0.033788
-0.041107
0.055284
0.045080
0.021334
-0.002590
0.039919
0.015684
-0.036594
0.076927
-0.064173
-0.000590
-0.074265
-0.040093
0.029668
0.033563
-0.039171
0.021518
0.003186
0.045488
-0.030397
-0.061861
0.025964
-0.000636
-0.017624
0.040391
-0.012683
0.008090
-0.049158
-0.014432
0.027865
-0.010797
0.231409
0.160005
0.008986
-0.055048
0.071541
0.039298
0.159377
-0.046337
0.023583
0.008979
0.053204
0.165385
-0.023353
0.031872
-0.033455
-0.043168
-0.046622
0.004431
-0.020788
0.039206
-0.044463
-0.174467
0.006229
-0.056306
0.025155
0.191686
-0.068327
0.075960
-0.091700
-0.129960
0.037813
-0.017614
-0.055357
0.000211
0.005882
0.102471
0.083616
0.020851
-0.080245
0.047803
-0.074341
-0.101272
0.002843
-0.014512
0.039405
-0.106423
-0.047657
0.034428
-0.005278
0.063938
0.103198
0.052618
0.037555
0.075780
-0.025832
-0.042009
-0.049399
-0.037442
0.084571
0.139661
-0.022971
-0.088072
0.057733
0.023201
0.071885
0.060208
0.164946
-0.011593
0.004933
0.009525
-0.028968
-0.007992
0.033330
-0.011130
-0.045664
-0.125297
-0.009564
-0.118453
0.086598
0.028079
0.063173
0.006848
-0.003150
-0.047979
0.156154
0.004750
-0.157925
-0.008104
0.044864
-0.012780
-0.001279
-0.017314
-0.100966
-0.093565
-0.012459
-0.070259
-0.055365
-0.014119
-0.049523
-0.005731
0.025863
-0.051025
-0.009097
-0.008652
-0.010189
0.001768
0.050427
0.044952
-0.000632
-0.002861
-0.053957
-0.014000
-0.029973
0.040157
0.003651
0.027525
0.005102
-0.032824
0.006606
-0.024324
-0.036227
-0.024423
0.041560
0.037616
-0.033992
-0.018252
0.037716
0.021408
0.010456
0.061125
-0.039338
-0.021551
0.000626
-0.050343
-0.029519
0.033948
0.052780
-0.031381
-0.011770
0.005087
-0.037210
-0.005928
0.040856
0.039208
-0.012547
0.047879
0.005420
-0.023476
-0.037268
-0.034234
0.041132
-0.023122
0.039512
0.033733
0.010449
-0.039424
0.012164
-0.008384
0.028219
-0.026683
0.042684
-0.016504
-0.043226
-0.008656
-0.026585
-0.020786
-0.009222
-0.015700
-0.042809
0.029721
0.035522
0.018609
-0.034743
-0.026152
-0.017323
0.034578
-0.030172
-0.008931
0.005409
-0.011569
0.018913
-0.045342
-0.038880
-0.046304
-0.006847
0.016500
-0.036131
0.043163
-0.037363
-0.010602
0.014171
0.005709
0.020424
0.019968
0.056010
0.004750
0.006567
0.029419
0.038300
0.001850
0.002608
-0.082186
-0.038196
0.037995
0.011576
-0.039697
-0.050708
-0.033949
-0.000429
0.010774
-0.056595
0.112883
-0.016682
-0.041039
0.082150
0.043581
0.018422
-0.007679
-0.013428
-0.009487
0.007797
-0.022972
0.037677
0.043167
-0.134620
0.099666
0.117944
0.054861
0.002073
-0.028221
0.029166
0.037242
-0.016532
0.037040
-0.075029
-0.062126
0.072669
-0.138135
0.050624
0.017275
-0.058600
0.031327
0.044310
-0.099165
-0.049704
-0.033254
0.138234
-0.061336
0.010804
0.115244
0.045364
-0.014078
0.021143
0.143142
-0.042846
-0.021178
-0.101342
0.011741
-0.089115
0.076961
-0.042719
-0.069617
0.101322
-0.005090
0.129884
0.006872
-0.156708
0.059405
-0.012842
0.054708
0.037164
0.005700
-0.042515
0.042313
0.123865
-0.065169
-0.036048
0.094562
0.125534
0.048796
0.040874
-0.059714
-0.034341
0.012908
0.003061
0.005265
0.121843
-0.029119
0.026103
-0.078679
0.024600
0.046464
0.014935
0.107900
0.033501
-0.062380
-0.011758
-0.024190
0.070534
-0.021605
0.060738
0.066941
0.044689
-0.040929
0.161029
-0.026594
0.044263
0.006279
-0.021529
0.011685
0.073912
0.030482
-0.028687
0.058411
0.001317
0.035651
-0.002825
0.010744
-0.025177
0.047411
-0.044320
-0.063596
-0.030555
-0.033815
-0.050425
0.032384
-0.053604
0.020307
-0.094737
-0.084929
0.044208
0.033872
0.022523
-0.051371
-0.081410
0.051008
-0.008388
-0.021246
-0.048652
0.022966
-0.009678
-0.027215
-0.018352
-0.025183
0.037780
-0.003352
-0.069820
-0.016175
-0.026907
-0.054793
0.058062
0.075029
0.059478
0.011874
0.011270
-0.028246
-0.041323
-0.085438
-0.020468
0.133221
0.002936
-0.041760
0.103197
-0.020882
0.051234
0.123240
0.018062
-0.046954
0.057929
0.063832
0.022448
-0.104718
-0.015611
0.007787
0.065218
0.036522
-0.010178
0.023912
-0.024404
0.060230
0.155639
0.112410
-0.011677
0.012124
0.081200
0.004674
-0.088879
0.035792
0.050312
0.025171
-0.085337
0.039090
0.031901
0.012119
-0.032237
-0.127965
0.042235
-0.009333
0.050989
0.031037
-0.011843
-0.114299
0.027001
-0.056189
-0.007019
-0.006817
0.047694
-0.004859
-0.016806
-0.034043
-0.049136
0.046013
0.026333
0.046592
-0.000887
0.058545
0.009787
-0.005214
-0.037838
0.013713
0.019903
-0.071147
0.052830
-0.034416
0.003970
0.046273
-0.021158
0.008797
0.008654
-0.033612
0.029734
-0.014752
0.017162
0.042000
0.058971
0.027652
0.037660
0.032799
-0.034253
-0.038709
0.013766
-0.049465
0.045184
0.027524
-0.008196
0.030132
0.079882
-0.039456
-0.006005
-0.023262
0.082770
-0.068484
-0.032268
-0.007319
0.021083
0.075920
-0.030300
-0.062924
0.003375
0.027762
-0.038129
-0.006635
0.017878
0.041123
-0.008487
-0.008046
-0.036746
-0.002465
0.045537
0.014651
-0.035929
-0.054911
-0.024435
-0.002758
-0.045160
-0.068649
-0.001878
-0.007532
-0.015819
0.021562
-0.020878
-0.076985
0.073014
-0.021485
0.025576
0.016856
-0.059323
0.011274
-0.022681
0.002595
-0.050722
-0.007499
0.018544
-0.057507
0.047489
-0.044094
0.015268
0.029020
0.053257
0.051711
-0.046263
-0.020384
0.071702
0.038020
0.056010
-0.022538
0.010556
-0.003775
0.057806
0.012134
-0.056610
-0.047906
-0.001670
-0.041291
0.019084
0.061807
0.061481
0.010295
0.044784
-0.007481
0.033697
0.051026
-0.009809
0.034610
-0.063883
0.050459
0.060524
0.043176
-0.014542
0.118064
-0.016200
-0.037874
-0.042839
0.005097
-0.031344
-0.058685
0.062021
-0.047273
0.103575
0.060886
0.010663
0.045676
0.010157
0.042035
0.028249
0.043690
-0.004062
0.044534
0.019359
0.074288
-0.085596
0.014053
0.017617
0.039679
-0.030392
0.014131
0.018554
0.090689
0.018636
-0.003783
0.002351
0.040712
0.082392
0.001953
0.005794
0.020493
-0.069849
0.030545
0.024541
0.065211
0.055872
0.066582
-0.019866
-0.045385
-0.034951
-0.009535
0.011147
-0.002785
0.072430
0.022242
0.079159
0.040149
0.068900
-0.025882
-0.015515
0.012678
0.138493
0.022468
-0.001813
0.114534
0.047750
0.013976
0.057343
-0.041052
0.061742
0.064281
0.025358
0.002951
-0.064960
-0.011323
-0.008317
-0.049852
0.023342
-0.048073
-0.049029
-0.013053
-0.041987
-0.048029
0.028676
0.001192
-0.038560
-0.048075
-0.046151
0.003615
-0.029532
-0.026778
-0.037917
0.003898
-0.004235
-0.041838
-0.004019
-0.020859
0.000707
0.026386
-0.011164
-0.006619
0.020380
0.006716
0.042679
-0.025519
0.045809
0.034155
0.022109
-0.035254
-0.016497
-0.026205
0.004145
0.041777
-0.024551
0.030133
-0.007400
0.033285
0.031936
-0.003988
-0.012249
-0.000348
-0.031723
0.049930
0.002686
-0.035613
0.006913
0.049272
-0.006538
0.006096
-0.027014
-0.018255
-0.048194
0.044764
-0.014247
0.046707
0.015497
0.029496
-0.020052
-0.011078
0.047218
0.013100
0.011203
0.047252
0.003759
0.036378
0.028227
0.046437
-0.031021
-0.041474
0.041806
-0.043527
0.008773
-0.037821
-0.044268
-0.038750
-0.022704
-0.040010
0.007974
-0.030825
0.016498
0.032280
0.047213
0.016710
-0.024496
-0.014129
-0.037792
0.042296
-0.034745
-0.011139
0.029236
0.010655
-0.044719
-0.008799
0.008108
-0.045454
0.073295
0.038647
-0.023027
0.046834
0.124117
-0.003798
0.002731
-0.045741
-0.047771
-0.081278
0.034072
0.038527
-0.087286
-0.055173
0.031716
0.016331
-0.005955
0.000499
0.035469
0.029419
-0.010887
-0.018143
-0.079781
0.049070
0.022573
0.081696
-0.004425
0.008214
-0.012966
0.025134
0.041572
0.004886
0.017529
-0.057715
-0.088785
0.065240
0.041735
0.022490
0.004858
0.041032
0.015247
-0.030054
0.004660
-0.057607
0.064867
-0.034333
-0.029493
-0.012763
-0.044741
-0.036659
-0.063058
0.135602
-0.002028
0.058852
0.050268
-0.011784
-0.044324
0.047055
0.040211
0.064685
-0.040031
0.040237
0.022687
0.011241
-0.019464
0.023504
0.040051
-0.050614
-0.053104
0.001081
-0.019370
-0.065680
0.008268
-0.014455
0.022498
0.051479
-0.000838
-0.037256
-0.027429
0.061786
0.122220
0.075318
-0.027659
-0.018789
0.077905
0.019119
-0.051258
0.014470
0.019914
0.051826
-0.054108
-0.013799
-0.009428
-0.098877
0.065882
0.007582
0.014845
0.029583
0.021371
-0.031666
-0.056620
-0.079498
-0.039772
-0.046928
0.160283
0.027073
-0.097480
0.020414
-0.018159
-0.002528
-0.067455
-0.025503
-0.075682
0.096885
0.022627
-0.035113
-0.060868
-0.000004
-0.017745
-0.046863
0.046206
0.035094
-0.021487
0.018901
-0.151715
-0.008310
0.037352
-0.025898
-0.064364
0.002315
-0.032125
-0.020382
0.008507
-0.081168
-0.025524
0.121220
-0.072807
-0.030522
-0.008453
0.004261
0.013824
-0.002846
-0.046427
-0.057466
-0.003194
0.021941
-0.049645
0.008954
0.045231
-0.058855
0.025073
0.127355
-0.041422
0.005311
0.048148
0.095857
-0.055728
-0.020144
0.020853
0.165472
0.048012
-0.006601
0.202178
-0.030389
0.099699
0.101189
-0.040600
-0.021339
0.106893
0.110237
0.015329
-0.069766
0.016944
-0.027049
0.101785
0.122828
-0.007134
0.116665
-0.020214
0.104784
0.170227
0.120414
-0.026325
-0.021137
-0.050957
-0.043070
0.009200
0.021510
0.006485
0.054144
-0.006824
0.007912
0.118380
-0.060820
-0.013674
-0.141372
-0.000984
-0.028914
0.033675
-0.028307
0.165631
0.185036
-0.042999
0.063351
0.104506
-0.031187
0.104557
0.031150
-0.035748
-0.035774
-0.034856
0.114900
-0.088114
-0.029430
0.060045
-0.027900
-0.046921
0.017865
-0.042251
-0.016576
-0.000421
0.000948
-0.054010
-0.026125
-0.038435
0.163062
-0.079891
0.052184
-0.008932
-0.103810
0.042505
0.023495
-0.065774
-0.024922
-0.121971
0.110227
0.013280
0.023311
-0.102916
-0.019697
-0.028081
-0.077721
-0.046662
-0.019482
0.021966
-0.028845
0.007569
0.011159
-0.000477
0.054632
-0.013860
0.059438
0.101581
-0.006425
0.046144
-0.108814
0.007916
-0.038441
0.005930
0.029018
0.029233
-0.067835
0.013576
-0.027291
0.082157
0.057984
0.041782
0.012996
0.027069
-0.036625
-0.076943
-0.020457
-0.001701
0.002378
0.060551
-0.057939
-0.050847
-0.035105
0.084148
-0.045238
0.047233
-0.014362
-0.069780
-0.062289
0.149590
0.031631
-0.037333
-0.014731
-0.003214
-0.024140
-0.037338
-0.002017
-0.019358
0.041174
0.002570
-0.040349
-0.024094
-0.003187
-0.018054
0.001472
-0.000321
-0.079812
-0.006192
0.021014
0.023915
-0.047355
-0.060011
-0.037571
-0.031026
-0.048985
-0.012643
-0.025765
-0.028918
-0.016041
-0.003195
-0.026468
0.008652
0.045116
0.029241
-0.013340
-0.010823
0.021257
0.023486
0.003483
0.009234
-0.004292
-0.025331
-0.002047
-0.015401
0.063464
-0.025471
-0.003154
0.059122
-0.000016
-0.029286
0.077068
-0.029895
0.060042
0.066981
-0.012114
0.078308
0.041804
0.018298
-0.039576
0.000187
0.020400
-0.039666
-0.044374
0.056638
-0.020923
-0.025203
0.054415
-0.052821
0.029775
-0.019879
0.001258
0.026633
0.023990
-0.012283
0.021612
-0.007387
0.066280
-0.010911
0.033601
0.010350
0.015985
0.016953
-0.041648
0.036351
-0.025345
0.006206
-0.014187
0.003004
0.011318
-0.048891
0.093244
-0.033189
0.088257
0.032896
0.027085
0.037036
0.062582
-0.007432
-0.036101
-0.060746
-0.002078
-0.031704
0.051159
0.000851
0.003437
-0.052730
-0.006865
0.003439
-0.083446
-0.024526
-0.056652
0.004357
-0.028304
-0.039451
0.008082
-0.022448
-0.045072
-0.044991
0.014348
-0.035863
-0.039963
-0.048588
-0.025724
-0.009913
-0.005026
-0.026171
-0.026977
-0.018315
-0.002290
-0.026170
-0.048190
-0.006562
0.040456
-0.004723
0.045292
0.012855
-0.001646
-0.014939
-0.031864
0.009711
0.044976
-0.030530
0.004245
-0.034588
0.029470
-0.037651
0.041388
-0.017166
0.015591
-0.046038
-0.003138
-0.025907
-0.044376
-0.030284
0.014172
0.000587
-0.006455
0.037435
-0.019240
0.041241
0.009632
-0.017448
-0.015127
0.000089
0.027794
0.028476
0.011243
-0.023579
0.012052
0.029429
-0.015386
0.007371
0.048919
0.038784
-0.028900
-0.023177
-0.048780
-0.037496
0.009684
0.016873
-0.033296
0.005039
0.041186
0.020650
0.024714
-0.046157
-0.028607
-0.031618
0.041285
-0.049461
0.008059
0.000922
0.031537
-0.008802
-0.000769
0.009478
-0.030023
-0.039392
-0.015661
0.031981
0.040140
0.019011
0.037886
-0.012585
0.007940
-0.040941
-0.037337
-0.042317
-0.028402
-0.029323
-0.026878
0.036768
0.025825
0.012654
0.021386
0.034153
0.133643
-0.005033
-0.027026
0.122596
0.022873
0.030722
0.014551
-0.004378
-0.063212
0.050594
-0.030649
-0.018937
0.062065
0.012567
-0.041294
-0.084216
0.018700
-0.074454
0.043352
-0.027667
-0.063920
-0.170567
0.035825
0.012362
-0.051615
-0.138846
0.028920
-0.007371
0.033811
0.034394
-0.009234
0.154743
-0.108344
0.006322
0.182875
0.068180
0.112348
-0.024525
0.025181
0.087738
-0.050040
-0.048309
-0.025885
0.085182
-0.033874
-0.025591
0.047646
0.038825
-0.083436
-0.066324
0.121782
-0.006868
0.001470
0.026330
-0.047723
0.047656
0.006501
-0.013226
0.027656
-0.033152
0.054759
0.031387
0.049899
0.116439
0.188366
0.057052
-0.059831
0.041242
0.000289
0.016275
-0.008428
-0.034799
-0.040341
0.024574
0.126476
-0.017201
0.125112
-0.051290
-0.015222
0.113247
0.080006
0.035442
0.085499
0.088484
-0.032920
-0.091643
0.023863
-0.044164
0.042591
-0.039426
-0.028984
0.065961
-0.046644
0.032116
0.032578
-0.024557
0.012741
0.041562
-0.006771
0.078032
-0.114359
0.077094
0.022963
0.083521
-0.033666
-0.091075
0.028664
-0.025369
-0.015637
-0.118135
0.044096
-0.064349
-0.183524
0.117776
0.214608
0.121017
0.017040
0.024063
-0.004894
-0.007330
-0.131694
0.191230
0.045955
-0.248760
0.329115
0.244375
-0.010972
-0.211433
0.031735
-0.007356
0.068396
-0.009518
0.162061
-0.114830
-0.107154
0.202047
-0.134945
0.133893
0.106879
-0.016550
0.099039
-0.036877
-0.041570
0.107158
0.029682
0.175395
0.037541
0.050690
0.086220
-0.008673
0.027997
-0.010301
0.216000
0.010268
0.146951
-0.074471
-0.045876
-0.007569
0.070982
0.013669
-0.094320
0.193304
-0.008587
-0.097164
0.055480
-0.026816
0.007511
0.034110
0.071552
0.051025
0.010178
0.046156
-0.030099
-0.001476
-0.124196
0.006860
-0.007871
0.113652
0.269267
0.156421
0.097661
0.054648
-0.020372
0.151029
0.029442
0.250334
-0.066728
0.044963
0.009724
0.028296
0.046159
0.041539
0.001401
0.303011
-0.211012
0.011387
0.000844
-0.047561
0.053350
-0.023078
0.041495
0.035607
-0.058367
0.140925
-0.021618
-0.009970
0.059462
-0.001225
-0.101333
0.160739
0.087223
-0.083928
0.198469
0.011028
-0.054714
-0.068882
-0.040238
-0.021622
-0.018179
-0.007333
-0.166748
-0.176754
0.017642
0.095558
-0.178022
-0.144320
-0.017836
0.048637
0.050074
0.043234
0.015829
0.133242
-0.075762
0.047690
0.290071
0.022444
0.165545
-0.024943
-0.018635
0.223482
-0.035015
-0.030865
-0.077070
0.085806
0.016231
-0.079330
0.040510
0.051446
-0.046012
0.028266
0.177595
-0.028119
0.100036
0.097775
0.035835
-0.042517
-0.056793
-0.019806
0.198206
0.032166
0.152001
0.120895
0.052873
0.139617
0.180976
0.089773
-0.109958
0.056484
-0.037217
0.027306
-0.094311
-0.082971
0.027636
0.018856
0.161993
0.076377
0.236629
-0.026535
0.015821
0.137927
0.109204
0.065606
0.107278
0.093931
0.015164
-0.223612
0.044057
0.037364
0.073835
-0.025791
-0.030732
0.116221
-0.279130
0.079003
-0.067598
0.023768
0.042638
0.016516
0.061025
-0.043678
0.023692
0.012897
-0.033494
0.067965
-0.042880
-0.024894
0.026918
0.036673
0.018474
0.160215
-0.061963
0.041183
0.230793
-0.000008
-0.074053
0.002726
-0.002482
0.013038
-0.026823
-0.008198
0.080016
-0.156602
-0.016122
0.212973
-0.212995
-0.076168
-0.058489
0.132168
0.159597
-0.026450
-0.026529
0.183372
-0.103629
0.191038
0.218855
-0.011245
0.127806
-0.023610
0.055627
0.159857
-0.017267
-0.049008
0.052732
0.036146
0.023756
-0.090488
0.059216
0.023243
-0.072430
0.064156
0.082309
-0.039324
-0.019375
0.061504
0.070192
0.030936
0.006149
-0.016284
0.085859
0.038730
0.243095
-0.071635
0.075102
0.099671
0.076870
0.104520
-0.027004
0.173145
-0.035024
0.020321
0.028195
0.049167
-0.003030
0.015124
0.237164
0.013360
0.282153
-0.142134
-0.007931
-0.003976
0.085479
0.132388
0.060858
-0.080118
0.005087
-0.185841
0.062237
0.041710
0.106422
0.019610
-0.041014
0.160063
-0.086890
-0.055025
0.164960
0.048090
-0.037686
0.041107
0.015834
0.021347
0.208932
0.111464
-0.044279
0.199535
0.002934
-0.087116
0.037090
-0.002530
-0.008749
0.190415
-0.035933
-0.202153
-0.259143
0.072901
0.084768
-0.186730
-0.030952
-0.060725
-0.043150
-0.085467
-0.339271
-0.153214
0.009454
-0.172936
0.112514
-0.011031
0.017906
-0.139928
-0.082607
0.073476
0.006450
0.113802
-0.158866
-0.028297
0.147526
0.273316
0.031662
0.015204
0.082544
-0.030640
0.008184
-0.011680
-0.206983
0.050022
-0.008697
-0.142071
0.061362
-0.046809
-0.068617
0.083753
0.170556
0.122976
0.362460
0.027056
-0.060148
-0.100751
-0.102149
-0.100752
0.147120
-0.085957
-0.048732
0.261056
0.040336
0.179464
0.254501
0.132900
-0.109080
-0.073565
-0.122973
0.045997
-0.122087
-0.067814
0.027317
0.133540
-0.003556
-0.014212
0.011807
0.089688
0.030147
0.057526
0.242329
-0.003986
-0.000316
0.281464
-0.015950
-0.055038
-0.020469
0.035825
-0.041813
-0.009496
0.108355
-0.075569
-0.120460
0.058139
-0.072729
-0.058644
-0.042832
-0.011522
-0.038316
-0.044850
0.002620
0.045140
-0.042348
-0.016934
-0.017621
-0.024512
-0.035990
-0.003505
0.007773
-0.036506
-0.035460
0.004286
-0.048905
0.014560
0.031670
0.038085
0.021060
-0.042073
-0.020985
-0.022369
0.013116
0.021934
-0.038270
0.000354
-0.041586
0.039440
0.003769
0.022465
-0.002022
-0.036315
-0.023778
-0.049771
0.007504
-0.017080
-0.015715
0.039019
-0.041987
-0.002073
-0.013887
0.015478
-0.040353
0.049492
0.018263
-0.039208
0.014091
0.000662
-0.001946
0.033418
0.008930
-0.024734
-0.039123
0.020521
0.046619
-0.027278
-0.028636
0.005062
0.011446
-0.026659
0.026129
-0.041478
0.035094
-0.047461
-0.040785
0.040988
0.034651
0.041688
-0.019760
-0.009662
0.038016
-0.035496
-0.042957
0.048337
-0.035956
-0.025973
0.007386
0.028102
0.024784
-0.044302
-0.040193
-0.015871
-0.018997
-0.029631
-0.045347
0.027178
0.042307
0.024414
0.030831
-0.048579
-0.003435
0.007738
-0.040335
-0.017726
-0.041697
0.017367
0.022595
-0.007903
-0.042196
-0.047925
0.045412
0.057615
0.043239
0.016346
0.060518
-0.044704
0.017010
0.034204
0.006479
0.006991
-0.028534
0.106586
-0.050884
0.055801
-0.052292
0.030247
0.039413
0.049536
0.046729
0.022595
0.043033
-0.012280
-0.052565
-0.002123
-0.029143
0.075126
-0.028097
0.042457
-0.071590
0.051464
0.116608
0.047527
0.005353
0.012128
0.042106
0.144474
0.074015
0.049011
0.146541
0.087501
0.003750
-0.032296
-0.008957
0.040640
0.090682
0.049571
-0.038020
0.007064
0.013286
-0.030243
0.019239
0.044716
0.044439
0.028876
0.066633
-0.016601
-0.040391
0.034410
-0.005212
-0.017168
-0.106017
-0.040980
0.053464
-0.048212
0.048839
-0.019538
0.042995
0.094301
0.073469
0.000655
-0.107903
0.035730
-0.005604
0.056142
0.009041
0.003789
0.008040
-0.036551
0.008277
-0.057431
-0.061614
-0.141982
0.041330
-0.012129
-0.033308
0.009457
-0.004022
-0.004230
0.015038
-0.040811
0.045602
0.001761
0.064939
-0.063878
0.005078
-0.048360
0.135702
0.042166
-0.023518
0.041011
0.053245
0.227951
0.169793
0.042048
0.050460
-0.105187
-0.048932
0.128887
-0.032237
-0.057704
0.010399
0.156554
0.097381
0.139796
-0.119270
-0.022103
0.014815
0.014347
0.036828
-0.087974
0.052941
-0.008496
-0.188366
0.024900
-0.030112
0.232666
0.167400
-0.169609
-0.001352
0.037071
-0.073923
0.083106
-0.046893
0.049991
0.019387
0.004253
0.106449
0.248667
0.122378
-0.047154
0.149709
0.064185
-0.148694
0.018321
-0.000116
0.119106
-0.067193
0.096523
0.050875
-0.013798
0.104691
0.115102
-0.018368
0.076443
0.150040
0.040162
-0.073295
-0.019095
-0.116384
0.035444
0.008520
-0.065090
0.007909
-0.010080
0.065367
-0.054688
0.066432
0.260793
-0.028706
-0.048707
-0.064624
0.024383
-0.030977
0.031421
-0.027836
-0.093253
-0.206404
0.005703
-0.079224
0.026624
0.031702
-0.146964
-0.050279
0.037639
-0.001809
0.262853
-0.013341
-0.142273
-0.080838
-0.031440
-0.088256
-0.028119
0.091474
-0.084955
-0.093431
0.079289
0.062356
0.014870
0.029070
-0.015195
0.026995
-0.028592
0.043027
-0.029612
-0.035260
-0.031049
-0.005355
-0.016437
-0.013225
0.002867
-0.011945
-0.017322
0.002577
0.004298
-0.035689
-0.036838
-0.012634
-0.042667
0.029324
0.041662
0.018322
-0.022930
-0.048562
-0.015596
0.026231
0.039438
-0.011571
-0.049657
0.016811
-0.027422
-0.014459
0.041661
0.042777
0.027173
-0.037611
-0.042917
-0.006030
-0.044147
0.038590
0.032491
0.008873
0.025199
-0.033875
0.011163
-0.018803
0.029284
0.024786
-0.033181
-0.014342
0.003965
-0.040936
-0.046282
-0.021023
0.009693
0.036256
-0.043939
-0.000344
-0.023958
-0.043629
0.015677
0.047064
0.040560
0.007182
0.039069
0.018055
-0.031609
0.047531
-0.036080
0.024282
-0.014033
0.046314
-0.016457
-0.036965
0.011956
-0.006908
-0.006492
0.038715
0.016368
-0.041233
-0.025799
0.018306
0.016688
-0.021331
0.048495
-0.022669
0.014137
-0.044974
-0.024149
0.040959
0.010021
-0.009907
-0.013272
0.049004
-0.003460
-0.022567
0.016815
-0.034620
0.024028
-0.019967
0.039550
-0.025960
0.159938
0.308914
0.048422
-0.024595
-0.156809
0.051944
0.150010
-0.028055
0.108354
-0.060559
0.146095
0.018838
0.207438
0.102069
-0.037743
-0.142506
-0.010795
0.043152
0.159286
0.029319
0.021478
0.135076
-0.000901
-0.028868
0.321354
0.004444
-0.001619
-0.022912
0.069467
0.201349
0.080708
-0.004692
-0.077214
0.021588
0.220936
0.136742
-0.044725
0.189309
0.054868
0.004913
-0.016679
0.041431
0.030841
0.060296
0.098772
-0.028152
-0.103037
0.028131
0.067672
0.104050
0.022274
0.081072
0.083228
-0.099709
-0.033684
-0.034731
0.187169
0.246478
0.161134
-0.118072
-0.020617
0.121036
-0.136994
-0.022074
0.083999
0.000665
0.160649
0.094878
-0.068835
-0.067558
-0.043156
0.059912
0.034168
-0.003000
0.073787
0.136711
-0.022352
-0.130599
0.041692
-0.149289
-0.139699
0.001204
-0.067980
0.027960
0.145471
0.007358
0.022557
0.033989
-0.042547
0.034976
0.019009
0.032182
-0.115516
-0.020362
-0.177391
0.341803
0.023466
-0.045056
-0.071215
-0.008682
-0.004959
0.022621
-0.039984
-0.009766
0.026862
0.047296
-0.026919
-0.040061
-0.044692
0.054503
0.054362
0.015441
0.039979
0.059539
0.033709
-0.022164
-0.043538
0.023881
0.046879
0.004063
-0.008004
0.008114
-0.018723
0.022087
0.008598
-0.019550
-0.043102
0.004200
0.042217
-0.027229
0.047446
-0.012678
0.068378
0.006655
-0.014039
-0.026363
0.015472
0.004345
-0.026648
-0.036153
0.007904
-0.031118
0.024225
0.033174
0.016705
0.011345
0.044568
-0.033009
0.031124
0.038083
0.027678
-0.027156
-0.042385
-0.005728
-0.005809
0.002611
-0.023841
-0.004775
-0.043534
-0.032960
-0.026313
0.017155
0.054561
0.029505
-0.022028
-0.030180
0.051604
-0.033562
0.028581
-0.035584
-0.017234
0.007033
0.030843
-0.045745
-0.008333
0.053524
-0.037383
-0.001055
-0.050156
-0.008244
0.023737
-0.024025
-0.028518
0.033710
-0.049677
0.009099
0.027904
-0.021205
0.012819
0.039248
0.033416
0.043365
0.001811
0.028217
0.010944
-0.041956
0.040422
-0.049075
-0.021660
-0.038671
0.025221
-0.050810
0.014377
-0.008054
-0.047348
-0.004592
0.037533
0.017754
0.030521
0.046621
0.001730
-0.010506
0.024989
0.044572
0.027744
0.038078
0.083264
0.019313
-0.013942
0.064948
0.025006
-0.052586
0.017944
0.002412
0.078925
0.004052
-0.042771
-0.031918
-0.007530
0.048710
0.007192
-0.048929
-0.003683
0.045354
0.016780
0.009115
-0.014330
0.053847
-0.037875
-0.040424
-0.020228
0.024657
-0.040375
0.052885
0.059615
0.065860
0.015898
-0.029017
-0.029866
0.017810
-0.006177
-0.026477
-0.027699
0.013684
-0.029096
0.045383
-0.006015
-0.029138
0.011946
0.012059
-0.043220
0.071149
0.005067
0.051191
-0.025522
0.018418
0.015538
-0.041996
0.028168
0.043230
0.020894
0.017602
0.020125
0.015446
-0.029405
0.016970
-0.036461
-0.039994
-0.077965
0.005455
-0.006960
-0.028149
0.034207
-0.005944
-0.060414
0.017614
0.058347
0.045794
-0.007658
0.006796
0.005161
0.000188
0.040984
0.012767
0.053673
-0.003824
0.051822
-0.046758
-0.052714
0.033082
0.020219
-0.008230
0.022692
-0.031712
0.099232
-0.005532
-0.011542
0.040127
-0.056670
-0.051279
-0.011462
0.142516
-0.077826
0.070564
-0.016959
-0.064145
-0.081666
-0.002235
-0.087226
-0.033469
-0.040204
-0.068922
-0.048604
0.045538
-0.129372
0.033363
-0.025978
0.047602
-0.080236
-0.096666
0.032995
-0.028328
-0.041054
-0.023424
-0.091587
0.178579
-0.057347
-0.076965
-0.097234
-0.012597
0.038641
-0.035792
0.032242
-0.104118
-0.078705
-0.006819
-0.005146
-0.047233
-0.030523
-0.047876
0.012829
0.097116
0.029650
0.057060
0.010579
-0.002041
-0.107426
-0.065189
-0.067251
0.173823
0.026980
-0.060913
0.179956
-0.032654
0.175704
0.061201
-0.078840
-0.060967
0.084892
0.102160
-0.046766
-0.095384
-0.089816
-0.000392
0.135613
0.032612
0.006627
0.130774
0.036564
0.087009
0.184837
0.096433
-0.019707
-0.001708
-0.007451
-0.013397
-0.137795
-0.047279
0.033792
-0.008891
-0.111462
-0.080364
0.094183
-0.152563
0.017530
-0.128835
0.038090
-0.054725
0.037283
