10
100
0.131046
0.440117
0.177647
0.636746
0.384037
-0.458691
-0.381527
1.881089
-0.001124
0.421087
0.681722
0.192781
-0.329704
-0.048092
-0.620520
0.147883
-1.654020
1.712851
0.613111
0.261649
-0.016417
-0.015785
-1.608159
-0.038531
-0.433929
-0.153381
0.255370
0.398210
-0.023114
0.002599
-0.292129
-0.662943
0.561471
-0.304336
0.093907
0.479254
-0.060644
-0.299148
0.071188
0.068236
0.036259
0.390448
-1.029202
-0.458725
0.013458
-0.373210
0.008180
-0.502982
1.603344
0.003891
-0.645246
-0.082462
-0.077426
-0.653552
-0.436815
0.585292
-0.284260
1.051944
0.475034
0.574617
-0.267031
0.069157
0.000423
-1.288055
0.010101
-0.910905
0.095141
-0.030883
-0.801536
0.045082
-0.093391
-0.091451
-0.161265
0.031583
0.115644
-0.612618
0.016263
-0.022005
0.391248
-0.127715
-0.216354
-0.019291
-0.253231
0.749046
-0.245027
0.060141
0.041151
0.484401
-0.772719
0.475016
0.940028
0.565482
-0.048725
-0.193144
-1.010265
0.015165
-0.885670
0.110391
-0.211311
0.606358
-0.435359
-0.815593
0.009059
-0.617667
-0.039713
0.424550
0.104525
-0.482474
-0.006150
-0.285204
-1.066399
-0.495776
0.458144
-0.164047
-0.409396
0.012352
1.187501
-1.010352
-0.958658
0.106223
-0.083335
-0.009736
1.156477
-1.174238
-0.935400
-0.029201
-0.348543
0.083244
0.426449
0.038406
-0.803677
0.712402
-0.029167
-1.009344
-0.204373
-1.249434
0.020261
0.297353
-0.680547
-0.010301
0.019505
-0.099084
0.762403
0.089234
-0.041679
0.067700
-0.358714
0.207793
-1.140083
0.079470
-0.264609
0.049878
0.412021
0.636371
0.085041
-0.273090
0.252424
-1.142151
-0.673255
-0.351782
-0.126730
-1.251079
-0.082477
1.391456
0.061974
0.877363
-0.464938
-0.487133
0.253720
-0.042033
-0.666312
0.025125
0.320719
-0.011322
-0.231025
1.011213
0.092460
0.145411
0.463920
0.283218
0.070996
0.040817
0.142554
-0.171670
0.363896
0.008091
-0.035638
-0.464525
0.964341
-0.828220
-1.241283
-0.444086
0.002025
-0.317806
0.714396
-0.008374
-0.201201
-0.023658
0.168971
-0.055197
0.179507
-0.214964
0.004934
0.674383
0.290637
0.179112
0.396884
-0.095365
0.041220
0.320902
1.032704
-0.135959
0.162206
0.735847
1.551866
0.060227
1.047077
0.604072
-1.717498
-0.671793
0.012874
0.043456
-0.839084
0.004931
-1.028468
-0.078515
-0.633672
0.008406
0.250850
-0.074349
-0.500048
-0.341476
0.841031
-0.471653
-0.275535
0.807380
-0.066992
-0.083299
0.304248
0.003236
-0.031234
-0.532018
0.047475
0.564555
0.084816
-0.559892
0.222630
0.263194
0.185435
-0.076308
-0.787569
0.065371
-0.458811
-0.570671
-0.061933
-0.308205
0.114014
1.180641
-0.298565
-0.469357
0.131156
-0.320850
0.258078
0.694841
-0.079328
0.104447
0.852289
0.416131
-0.874259
-0.047766
-0.056826
0.021089
-0.292326
-0.034639
0.413666
-0.322300
-0.001317
0.644615
-0.496496
0.109745
0.240241
0.038184
-0.286291
-0.714498
-0.320961
0.020235
-0.016200
-0.607583
1.123507
-0.944650
-0.817413
0.733774
-0.041077
0.349568
0.729444
-0.042717
-0.486082
0.064546
0.028515
-0.772436
0.111660
-0.311245
-0.059938
0.471836
-0.708368
-0.769648
0.721671
-0.547364
-0.029574
0.227253
0.371313
-0.265858
-0.338270
0.196997
-0.057434
0.051951
-0.075244
0.887204
-0.854442
-0.773354
0.047636
0.021839
0.541857
-0.118576
-0.879263
-0.113263
-0.530248
0.626917
0.172240
0.104290
0.161965
-0.127927
-0.269953
-0.608225
0.259703
0.241416
-0.039490
0.668978
-0.554748
-0.118693
-0.036963
-0.259466
0.592710
-0.255440
-0.062101
-0.290229
-0.119188
-0.246424
-0.870249
0.003868
0.217258
-0.042671
0.254654
-0.405893
0.044864
0.746004
-0.101198
0.510252
1.094941
-0.395399
-0.360132
-0.980900
-0.209773
0.583457
-0.111387
-1.621254
0.118574
0.395532
0.852054
0.010834
-0.021466
-0.072662
-0.255127
-0.014871
-0.055642
1.030322
-0.048007
-0.112982
0.673075
-0.279674
-0.124208
0.030293
0.579805
0.051602
0.916183
-0.172562
-0.008602
0.625159
0.406885
0.727169
-0.276960
2.011002
-0.017756
0.292307
1.014093
0.018326
0.453889
-0.027905
-0.205043
0.279479
0.574276
-0.202487
-0.102230
-0.608845
-0.152035
-0.404599
-1.636832
-0.846470
0.018226
0.034982
0.056306
0.259763
0.425812
-0.169037
0.317926
-0.052792
-0.125749
-0.937115
0.848154
0.204957
0.101273
0.032222
0.085174
0.326154
2.160893
0.241720
0.730472
-0.688959
-0.299781
-0.141645
2.321056
-0.096713
-0.527173
0.450150
-0.291699
0.033549
0.137941
-0.260129
-0.232301
-0.067922
0.034384
-0.162917
-0.380524
-0.321763
-0.192270
0.589465
-0.191627
-0.144830
-0.197794
0.047941
1.032089
0.045323
-0.246189
-0.357283
-0.439497
-0.298648
-0.364410
0.029788
-0.381024
-0.121345
0.472268
0.493900
-0.142445
-0.919889
-0.185333
0.312820
-0.651953
0.766680
0.274755
0.010240
-0.192156
0.022304
0.152173
0.047251
-0.172301
-0.424129
-0.023960
-0.259014
-0.660176
-0.450523
0.208687
0.034636
-0.133096
-0.200926
-0.289148
-0.105024
-0.039008
-0.502218
-0.962034
-0.918450
-0.142526
-0.839354
0.039218
0.156809
-0.802944
0.042148
1.349377
-0.098750
-0.124944
-0.625275
-0.220413
0.311717
-0.095210
0.052822
-0.085036
-0.306630
-0.071758
0.304276
-0.031617
0.499603
-1.241428
-0.349011
0.318003
-0.163307
0.257034
-0.013692
-0.356818
-0.261493
1.089382
1.383831
0.067050
-0.017736
-0.477060
0.183641
0.428199
0.382515
0.626789
1.258648
0.142728
-0.184009
-0.618590
0.540651
-0.010397
0.575088
0.524614
0.301492
0.057782
-0.577904
0.266766
-0.096422
0.004303
0.593905
0.339051
-0.210379
-0.118467
0.552691
-0.317642
0.143041
0.206404
0.019671
0.634737
0.302587
0.225521
-0.023139
-0.138084
0.722777
0.171995
-1.166268
1.767826
-0.119227
-0.140501
0.719212
-0.042275
-0.180599
0.294827
-0.064955
-0.441250
-0.574934
0.539497
0.027684
-0.341407
0.185561
-0.331543
-0.039366
-0.259704
-0.267269
0.095583
0.220047
0.367403
0.017523
0.588255
0.037413
0.564540
1.124596
-0.185141
0.450378
-0.030128
0.813059
1.091833
1.555494
0.781201
0.643094
-0.019535
-0.404240
-0.691149
-0.015548
-0.790568
-0.062082
0.103476
1.035399
-0.362373
-1.263379
0.108825
0.180871
1.054669
0.053523
-0.852074
0.858001
0.011163
-0.137372
0.091840
0.363268
0.889400
-0.219335
0.788413
0.059650
-0.366208
0.109169
0.462078
0.438241
0.240320
-0.012977
-1.674526
-0.741522
-0.094365
0.110685
0.477067
-0.076609
1.404486
-0.020965
0.343149
0.168097
-0.269860
1.329617
0.745480
0.997380
-0.010564
0.763680
0.096160
0.038104
0.010590
0.474231
0.216548
-0.740061
-0.012235
-0.006893
-0.045837
-0.334869
0.348571
0.033795
0.495267
-0.056670
-0.341087
-0.088550
-0.265548
-0.021327
-0.321545
-0.143108
-0.610129
0.221415
1.046588
-0.679458
-0.167033
-0.080880
0.062030
1.575020
-0.173426
0.761550
0.409802
0.007464
-1.319264
-0.047297
-0.367641
0.026663
-0.093620
-0.853194
-0.027479
0.341292
-0.230433
-0.171424
0.154001
-0.018457
-0.191970
-0.051073
0.077334
-0.117731
-0.026730
-0.569068
0.267169
-1.380743
-0.729237
-1.285071
-0.023193
-0.257444
-1.183967
-0.013285
-0.560240
-0.040269
0.045821
-0.276176
-0.069725
0.157541
0.374793
-0.627162
-0.527795
-0.670857
0.443299
-0.375382
0.002540
-0.048400
-0.238311
-0.544617
-0.415242
-0.092799
-0.278665
-0.007008
0.105780
-0.152906
-0.425595
-0.184071
0.208584
-0.037012
0.830514
1.448653
-1.029135
-0.056266
-0.360109
-0.090657
-0.203215
-0.216364
-0.662402
0.262453
-0.538060
-1.958136
-0.289992
-0.921404
0.002153
-0.226755
0.247579
-0.037836
-0.003591
0.332124
0.035310
1.076976
0.288587
-0.155946
0.923665
0.926516
-0.541040
0.032534
-1.310992
0.114814
0.698728
-0.399873
0.526801
0.352047
0.077648
-0.570934
-1.675914
-0.210707
-0.745752
1.647739
0.153765
-0.570257
-0.087120
-0.726681
0.399871
-0.369515
-0.082570
-0.035006
1.524989
0.045394
0.168832
-0.024699
0.234344
-0.262500
-0.000223
-1.248990
-0.305536
0.151559
-0.004550
0.020324
-0.186086
-0.263728
-0.723146
0.254546
0.005674
0.258766
-0.312334
0.565484
1.310874
-0.879205
-0.029892
0.557141
0.422031
-0.032859
0.925719
0.080814
0.414903
-0.877816
0.391448
1.285260
-0.169611
-0.099328
0.317549
1.749417
0.413251
-0.046779
0.041122
-0.699620
0.059657
0.003433
-0.464626
0.002317
-0.974381
-0.106840
0.314278
-0.226656
0.473226
-0.153005
-0.282012
-0.001187
1.066155
-0.504500
0.572139
-0.005851
-0.078533
-0.897988
-0.605805
0.501048
-0.364382
-0.448092
1.062596
1.149846
-0.446456
-0.699276
0.038097
-0.488691
-0.158108
0.156271
-0.039407
-0.664181
-0.396744
0.269886
-0.061409
-0.048576
-0.361309
-0.394925
0.418535
-0.087281
0.067875
-0.184079
-0.416796
1.043145
0.093708
-0.803788
0.459340
0.294050
1.221082
0.319356
0.128754
-0.010178
0.197568
0.750036
0.128188
0.864392
-0.214379
-0.708705
-0.973012
0.021032
-0.020189
-0.071494
0.183704
-0.018054
0.036536
0.644967
-0.092863
0.589705
0.246160
0.401479
-0.513170
0.002399
-0.144049
0.290952
0.160702
-0.164263
-0.045484
-0.406939
0.129767
0.414246
-0.500928
0.270791
0.019459
-0.409153
0.164687
0.020055
-0.742497
-0.014029
-0.111552
0.874536
-0.225001
0.577986
-0.276871
-0.102350
-0.500423
0.220382
0.731486
-0.544549
-0.024282
-0.451797
0.201575
1.029352
-0.674407
-0.017551
-0.630527
-0.050757
-0.158619
-0.713054
0.386357
-0.731165
-0.228869
0.003430
1.006824
0.608504
1.138523
-0.354345
-0.088052
-0.556638
-1.416519
-0.089220
0.571540
-0.037969
-0.645564
0.716685
-0.295676
0.056638
-0.150466
0.233363
0.740107
-0.043248
-0.046416
-0.040060
-0.148038
0.006290
0.095272
0.098383
0.351577
0.237257
-0.079549
0.015368
0.438290
-0.124489
0.019039
0.878175
0.615410
-0.638749
-0.007722
-0.079534
-0.851294
0.587229
-0.115599
0.431111
-0.072363
-0.388703
-0.112140
-0.306625
0.363577
-0.162104
0.374450
0.021609
1.174255
-0.051143
0.682957
0.006503
0.139919
0.085239
-0.022819
-0.365064
-0.420565
-0.074419
-0.411016
-0.018786
-0.054616
-0.706677
0.245032
-0.185386
-0.036549
0.355141
-1.926589
0.402031
0.793964
-0.901747
-0.049401
0.178976
0.648315
0.020214
1.035740
-0.007453
-0.108908
-0.224042
