220
1
0.113880
0.004653
-0.000530
0.067952
0.060669
0.342793
0.072976
-0.126368
0.149063
-0.063019
-0.013742
-0.079577
0.230717
0.095387
-0.022616
-0.289439
0.100198
0.165708
0.051328
0.110125
-0.024910
0.257700
0.152247
0.206794
0.210729
0.058938
0.094436
-0.002476
0.163309
-0.000875
0.008016
0.094371
0.222501
0.060643
0.111881
0.034861
0.074335
-0.038635
0.124705
0.053710
0.053891
0.156851
0.184068
0.063080
0.145962
0.026684
-0.055012
0.007830
0.191672
0.116616
0.067045
-0.209448
0.075926
0.020022
-0.000801
0.152883
0.081453
0.064101
0.214989
0.019572
0.188137
0.014653
-0.055492
0.204589
0.027859
-0.019745
0.076897
0.031537
-0.067725
0.052668
-0.145468
-0.216906
0.116065
0.030882
0.044127
0.063346
-0.014870
-0.006521
0.067484
0.142718
0.032477
0.023262
0.103048
0.138714
0.061332
0.091172
-0.017470
0.055110
0.060017
0.087589
0.135377
0.141501
0.027771
0.238336
-0.124728
0.044676
0.096979
0.000216
0.083150
0.153178
0.021981
-0.005403
0.130317
0.165234
-0.081780
0.029594
0.109502
0.253440
0.103830
-0.092582
0.078184
0.060944
0.045462
0.214979
0.005867
0.208421
0.265327
0.029002
0.199307
0.109174
0.067964
-0.042622
0.156748
0.131973
0.001155
0.013938
0.084696
-0.122007
0.200004
0.065401
-0.214294
0.013812
0.168651
0.019147
0.102055
0.226175
-0.122716
0.271464
0.063932
0.189525
0.224657
0.084809
0.190488
-0.100280
0.102967
0.192438
-0.088399
0.019993
0.156942
0.242961
0.067356
0.090309
0.000130
0.134349
-0.055045
0.058652
0.088313
0.231054
0.219829
-0.020855
-0.096969
0.232971
0.032164
-0.123309
-0.023447
0.214751
-0.023025
-0.030465
0.190054
0.002088
-0.091412
0.106203
0.059995
0.115085
0.220332
0.136106
0.149597
0.018777
0.100525
0.199469
-0.063951
0.185148
0.087935
0.039980
0.107590
0.109120
0.070089
0.107459
0.192574
0.121818
0.132474
0.046174
-0.024059
0.083837
0.009368
0.098762
0.006457
0.178252
0.066247
0.019505
0.080492
0.148049
0.090588
0.145256
0.077782
-0.069103
0.173678
0.126544
0.153617
-0.021977
-0.012469
0.110704
0.027218
0.053784
0.128097
0.038143
0.018960
0.066743
0.110529
0.014106
