220
1
0.140140
0.196070
-0.022243
0.014562
0.035828
0.054687
0.046721
-0.000824
-0.223482
0.024820
0.122706
0.082515
0.066794
0.123117
0.213924
0.101166
-0.043624
0.059927
0.091177
0.248099
0.163363
0.102287
0.159455
-0.010012
-0.006749
0.377795
-0.058548
0.303984
0.214104
-0.007374
0.172702
0.228259
-0.050380
0.192676
0.039468
0.201883
0.015424
-0.006547
0.033823
0.099786
0.193686
0.168528
-0.154259
0.147885
0.358614
0.121101
0.069362
-0.009675
-0.236002
0.237636
0.141982
-0.130464
0.080619
0.242833
0.303141
0.104070
-0.111497
0.098316
-0.028754
0.201562
0.004925
0.078967
0.216912
-0.002626
0.167517
0.097136
0.065352
-0.013897
0.074119
-0.047259
-0.000583
0.062845
0.135219
0.241746
0.226696
-0.023472
0.091135
0.097551
0.087453
-0.295152
0.177515
0.128112
0.064872
0.110570
-0.175827
0.162098
0.074199
0.020322
0.231470
0.121483
0.047701
0.014909
-0.011328
0.162453
0.001598
-0.055068
0.295668
0.130382
0.171050
0.200780
0.278241
-0.051689
0.060965
0.031374
0.040811
0.000907
0.111937
0.106634
0.156847
-0.170457
0.164116
0.155147
0.243623
0.382287
0.201636
0.171003
0.048217
0.099796
-0.014743
-0.087376
0.083555
0.024504
-0.026395
0.017723
-0.033274
-0.005344
0.031301
0.097396
-0.002313
0.315208
0.152261
0.112884
0.131389
0.123457
0.228068
0.046247
0.124470
0.045227
-0.247785
0.178749
0.211726
-0.017053
0.189010
0.295801
0.081838
-0.073072
0.083797
0.116283
0.132442
0.116548
0.085842
0.048470
0.327267
0.058431
-0.018666
0.139684
0.176291
0.094510
0.140838
0.000270
0.107324
0.178116
0.130937
-0.033363
0.039159
0.133399
0.044405
-0.044858
0.019969
0.136426
0.010841
0.107971
0.094823
0.150127
0.225002
0.020585
0.118517
0.398023
0.006561
0.288377
0.402750
0.185398
0.183005
0.074082
0.059776
0.202791
0.043786
0.349180
-0.009338
0.084963
-0.019588
-0.020136
0.151014
-0.153016
0.173733
-0.010762
0.235776
0.014786
0.110279
-0.021769
-0.017864
0.248212
-0.038515
0.191660
0.169382
0.098998
0.270198
-0.071428
0.065858
-0.091821
0.302450
0.155593
0.156356
0.035759
0.008247
0.156761
0.028509
0.038204
0.237836
-0.000917
