10
220
1.085532
-0.279970
-0.119175
-0.017689
-0.426288
1.432338
-0.949467
-0.137197
0.059864
-0.282214
-0.283403
-0.248268
-0.877617
-0.446915
0.404030
0.774123
-1.073596
-0.622387
-0.225565
-0.338598
0.586501
-0.435218
0.970895
-0.053371
0.072035
-0.048999
-0.469909
0.769958
-0.319701
0.072673
-0.462593
-0.767527
0.459783
-0.492713
0.670148
0.035741
-0.203642
0.006495
-0.312446
0.134478
-0.453022
0.099294
-0.673295
-0.016619
1.270101
0.520182
-1.041531
-0.492355
-0.818859
-1.325310
-0.581538
-0.447017
-0.439958
-0.333760
1.252571
-0.286301
-0.267561
0.208804
-0.007566
-0.087063
0.223875
0.283451
-0.402372
-0.118821
0.870755
0.003528
0.247349
0.271639
0.405290
0.275341
-0.024578
0.102697
0.013001
0.319448
-0.383662
-1.093453
-0.017876
-0.042695
0.756908
0.739439
0.609657
-0.519646
1.596163
0.009917
-0.482225
-1.134951
0.039764
-0.125904
-0.341518
-0.599162
0.033841
0.810625
-0.040818
0.091188
0.214231
-0.491953
-0.998495
-0.445725
-0.363638
0.823775
-0.840442
0.168109
0.676203
0.178035
0.621651
0.510086
-0.031346
0.482918
-0.267140
-0.869207
-0.376163
0.128793
0.160456
-0.578390
1.151871
-0.665918
-1.085262
1.177961
0.059546
-0.375098
-0.375719
-0.175711
-0.103043
-1.505931
-0.545479
0.121788
-0.129486
0.306765
-0.192173
-0.621366
0.158540
0.004119
-0.119420
-0.799516
1.728164
-1.156926
-0.240949
-0.051454
-1.143348
0.574758
-0.960010
0.199302
-0.818694
0.715788
0.878844
0.137851
-0.262964
0.773497
-0.472339
-0.491539
-0.030437
0.146847
1.339489
-0.086822
-0.098048
-0.676334
1.504165
-0.108877
0.691259
0.023956
-0.304898
-0.301765
0.522154
-0.095004
-0.036664
-0.024321
0.122234
-0.709769
0.736370
0.362502
-0.047340
1.163627
0.686656
-0.465029
-1.425550
0.415847
-0.472192
-0.955945
0.134910
0.641485
-0.890260
-0.256244
0.008552
0.116912
0.742560
-1.526835
-0.326932
1.774082
-0.102962
1.234276
0.151488
-0.360082
-0.392669
1.166421
-0.601202
-0.165213
1.385668
0.122929
0.143815
0.870872
0.018071
-0.563097
-0.178321
-0.749204
-0.265388
0.593845
-0.505175
1.546414
-0.253326
0.016538
0.057950
-0.159334
0.186343
-0.093299
-0.073480
1.020211
0.354282
-0.035168
-0.868015
-0.818004
0.221462
0.272588
0.143674
0.074214
-0.513659
-0.536933
-0.348318
-0.190824
-0.457410
-0.404600
0.759248
0.622616
-0.459686
0.001477
-0.242239
-0.394650
0.374986
-0.175507
0.672074
0.813477
-1.038799
0.390010
0.332479
-0.005427
0.015711
0.971768
-0.293940
0.716466
0.020515
-0.113393
-0.144935
0.008274
0.041989
0.371569
-1.524734
1.631304
-0.107582
-0.157030
-0.331115
-0.370128
1.095494
0.301066
-0.249604
-0.591503
-1.407636
-0.642753
-0.409172
0.472736
0.213895
0.988915
-0.154583
-0.500507
0.007569
-0.742617
-0.578847
0.699388
-1.560869
-0.625907
0.114405
1.660963
0.220239
-1.324962
-0.638053
-0.096264
0.127004
-0.245698
-0.342625
-0.786875
-0.240281
-0.200714
0.240676
0.084777
-0.288316
0.134115
0.874231
-0.356616
0.296404
-1.044036
-0.797511
-0.285505
0.103581
-0.206500
-0.455682
0.360301
-0.268350
0.952426
-0.096687
0.041631
0.205387
0.081524
0.032204
-0.899856
0.039090
-0.571167
0.164585
-0.223122
0.281409
0.582088
-0.433963
0.440410
1.521372
-0.407818
-0.176360
-0.222705
-0.117065
-0.173767
-0.637137
-0.169670
0.966856
-0.495998
-0.159977
0.660468
1.411560
0.406528
-0.260853
1.255729
0.016433
-0.094254
0.107730
-0.593620
0.071394
0.949949
0.997214
1.395716
-0.444659
0.012001
-0.743710
0.270111
0.242544
0.095255
-0.706015
0.147631
1.083583
-0.059739
-0.073291
-1.010452
0.820507
0.277825
0.461708
-0.650140
1.265619
0.200623
-0.227656
-0.714056
0.029084
0.097317
-0.318858
-0.238453
0.577660
0.960909
1.433547
-0.754900
-0.922511
0.011959
-0.181119
0.270325
-0.297228
0.070835
-0.569685
0.069054
0.113950
0.878940
-0.050480
-0.138926
0.219272
1.057953
-0.458806
0.195106
-0.443421
-0.506080
0.121109
-0.326863
0.792948
-0.150366
0.981674
-1.098106
-0.253403
0.507348
0.182725
-0.510035
-0.257502
0.789336
0.388914
-0.247088
-0.171498
1.458240
-0.271303
-0.606294
-0.181789
-0.155270
-0.184586
0.060356
0.019727
-0.472947
0.296968
-0.183114
-0.378550
-0.041284
-0.077619
-0.168515
0.038790
0.607215
-0.327736
1.491766
0.210486
-0.268055
0.669088
-1.191698
-0.140423
-0.389824
0.768326
-0.148420
-0.442509
0.210650
0.347554
-1.343520
0.169306
0.268829
-0.172189
-0.022751
0.401238
-0.432731
-0.138240
-0.181504
0.335062
-0.832294
0.843990
-0.066393
1.847572
-0.457640
-0.478780
0.041581
-0.768388
0.181251
0.279195
0.237876
-0.718776
0.602956
-0.250343
0.771416
-0.468880
0.377536
-0.236420
-0.206296
-0.095129
-0.366270
-0.653712
-0.399240
-0.260347
0.005367
-0.092236
0.215361
0.689792
-0.601650
0.261038
-0.910049
0.009815
0.171761
-0.786797
0.574277
-0.018651
-0.315490
-2.097579
0.218592
1.802970
-0.617937
-0.659925
-0.029983
-1.153828
0.791453
-0.021661
-1.088616
-0.164922
-0.196821
-0.812836
-0.348602
-0.689067
0.736541
-0.382591
1.364554
-0.027714
0.409969
-0.508541
-0.058802
0.330569
0.432590
-0.644712
0.667706
0.197894
-0.041592
-0.016183
-0.235279
-0.480450
0.759199
0.754668
0.344846
-0.201438
1.479022
-1.594921
-0.430642
0.259196
0.975827
0.466389
0.439477
-0.102200
0.628922
0.083792
0.010182
0.093389
-0.140756
0.151345
-0.094879
0.080683
-1.090822
0.059929
-0.757411
0.844739
-0.088140
0.217226
-0.557747
-0.709755
-0.301720
-0.017504
-0.031799
-0.795072
-0.325652
-0.331965
-0.557383
1.580667
-0.274730
1.542678
0.535814
0.779159
1.313763
1.332126
0.155417
-0.282026
-0.140115
-0.143260
0.023761
0.182013
-0.010743
-0.436705
-0.528274
1.010745
0.067525
0.268939
0.194449
0.182328
-0.601649
1.264013
0.178757
0.533952
0.149883
-0.908536
0.735589
0.299199
0.140873
0.987380
-0.674839
0.469927
0.026335
0.718674
1.127040
0.206852
-0.710580
-0.378032
-0.284361
0.286644
0.550991
-1.093015
-0.599779
0.568340
0.023105
-0.091086
0.566729
-0.060710
-0.768720
1.033497
-0.098689
0.474661
-0.386230
0.387568
-0.032953
0.182084
-0.477924
-0.674899
0.325450
0.264530
0.365100
0.177038
0.281837
-0.969542
0.546608
-1.093358
-1.043845
-0.453930
1.780884
0.259545
1.351442
1.195768
-1.253770
-0.166236
-0.259395
-0.298121
-0.042262
0.077760
0.205703
0.038069
0.431182
0.060893
-0.120149
1.192421
-0.785347
-0.645611
0.051215
0.062573
-0.178099
0.035479
0.004467
-0.253609
0.666766
-0.784669
-0.414445
-0.161707
0.268735
1.213024
-0.877681
0.492958
-0.500528
-0.466457
0.336552
-0.494401
-0.346063
0.133257
-1.114490
-0.147982
-0.168705
-0.768310
0.651034
-1.298699
-0.325620
-0.057967
0.152809
-0.109329
-0.088328
-0.140670
-0.046513
1.547819
0.903356
0.010875
0.128078
-0.359338
0.484556
-0.294093
0.196005
1.059204
-0.281390
-0.346101
-0.457008
0.048732
0.142619
-0.387848
0.084294
0.079544
-0.515534
1.008985
0.679810
0.098389
-0.177410
0.264550
-0.806096
1.251924
1.066955
1.349028
-0.177615
0.196863
0.078241
0.452834
-0.453631
-0.394677
1.391238
0.674083
-0.145834
0.684147
0.777288
0.630015
-0.340949
-0.222411
1.210819
0.460280
-1.020229
0.430917
1.519706
-0.203583
-0.081835
0.561218
0.506109
0.089388
-0.163828
-0.247630
-1.390667
0.006024
-0.024373
-0.130023
-0.490293
-0.455176
1.241034
0.067588
-0.041840
0.044833
0.103111
0.204984
-0.765489
-0.751967
0.852924
-1.002889
-0.598700
0.517564
-0.396325
-1.072011
-0.648437
0.056295
-0.245853
0.726533
0.636865
-0.345762
0.115008
0.833574
-0.263069
-0.028004
-0.876148
0.156217
0.382036
0.085912
0.162913
-0.618757
-0.026566
-0.111765
-1.053292
-0.815954
-0.299713
-0.799216
0.005469
-0.575696
-0.067843
0.237091
-0.827195
1.428921
0.571393
-0.455899
0.787612
1.248544
-0.745740
-0.578058
-1.068407
-0.172469
-0.276892
-0.082234
-0.818506
0.323678
0.644070
-0.614369
0.290176
0.195990
0.084917
-0.190131
-0.450689
0.149936
0.191253
-0.693192
-0.209671
-0.797469
-0.969927
-0.583745
1.468457
-0.654596
-0.172688
0.947029
-0.104370
0.057456
0.024868
0.753425
-0.871519
-0.544501
-0.699644
0.079357
0.069773
1.379608
1.043394
-1.077699
0.038319
-0.456464
0.864460
0.002594
0.057783
-0.254629
0.828795
0.212181
-0.114694
-0.232422
-0.327498
-0.041571
-0.070243
0.076910
0.166275
0.174618
-0.880931
0.537524
-0.717306
0.119684
-0.076849
0.405580
0.103579
-0.363245
0.784431
-0.173303
-0.475302
-0.071768
-0.186309
0.434134
1.452778
0.320756
-0.527264
-0.705031
0.078670
0.001954
0.050415
0.149187
-1.115588
0.083249
0.448191
-0.258859
-0.724847
0.790516
0.097060
0.164126
-0.094521
-0.261523
0.527237
0.061999
-0.505594
1.259231
-0.310774
0.136434
-0.260381
-0.412624
-1.127189
-0.208582
0.522249
-0.546242
0.147057
0.065444
0.375514
-0.122628
0.306450
0.189358
0.113542
0.277532
-0.827228
0.171418
-0.274062
0.103233
0.065200
-0.586518
-0.424454
1.352397
0.181090
-0.842548
0.283320
0.712371
0.423703
-0.212776
-0.362147
0.272813
0.194605
-0.224545
0.145699
-0.234215
0.989072
0.528626
-0.420838
-0.417810
0.191135
0.160049
0.986512
-0.532821
-0.675902
0.004222
-0.015449
0.624507
-1.254534
-1.407143
0.410585
-0.719710
-0.305852
0.225699
-0.012645
-0.910125
0.489759
1.333201
-0.434801
-0.178696
-0.511521
-0.991846
-0.387073
0.390598
0.820703
2.034375
-1.881187
-0.280394
-0.017219
0.234722
-1.101016
-0.396634
-1.128057
-0.296502
-0.909279
-0.255332
0.129637
0.058710
0.315147
0.306616
-0.206979
-0.450055
-0.217268
0.127352
-1.193012
-0.443002
0.025357
0.156563
-0.224451
1.345076
-0.230989
-0.431397
-0.926687
-0.694307
0.905263
-0.293429
-0.786927
-0.938961
-0.609419
0.071376
0.377667
0.299080
-0.955921
0.571129
-0.057522
0.204935
-0.099336
-0.622659
0.606350
0.170947
-0.230031
-0.240868
-0.655471
-0.258844
0.214367
0.472469
-1.071751
-0.089452
1.706050
0.109826
0.243846
-0.017715
0.538206
1.010071
-0.180961
-0.777726
0.158066
-0.574727
0.291193
0.105569
-0.369690
-0.563486
-0.250540
0.195365
-0.091612
0.017423
-1.148458
-0.224814
-0.107526
-0.124673
0.391834
-0.451917
-0.083678
-0.805821
-0.444584
-0.143927
1.256991
-0.616101
-0.466224
-0.721831
0.179980
0.126787
0.663557
0.207028
-0.047951
-0.669962
1.184451
0.102741
0.048492
0.178318
0.707680
0.055501
0.983397
0.251195
-0.270431
-0.368652
-0.508480
0.307928
0.124142
0.229524
-0.278883
-0.050657
-0.676331
-0.053799
-0.336099
-0.069971
-0.166436
0.083466
1.058716
-0.407308
-0.072505
-0.350019
-0.109337
0.716345
1.226754
0.320191
0.090685
0.003999
-0.485322
-0.632338
-0.674424
0.403317
0.262062
0.358916
-0.584739
-0.055066
-0.915235
-0.550961
0.022105
-0.217215
0.337953
-0.426558
1.000764
-0.129615
-1.095860
-0.048063
0.272546
-0.084684
0.260063
-0.179576
0.736391
1.367324
0.138317
-0.550510
-0.131373
0.056464
0.207607
0.156569
0.508416
-0.473377
1.351970
-0.059054
-0.781511
-0.757450
0.423200
0.729187
-0.543610
-0.862282
1.195896
-0.313314
0.047825
-0.113636
-0.453030
0.419831
-0.090335
2.115477
0.427398
-0.404546
1.408698
0.082771
-0.109104
0.815424
0.090461
0.133200
0.074013
-0.848802
0.619403
-0.031217
-0.786281
1.118228
0.158093
0.045129
-1.042193
0.723101
0.165838
-0.093893
-0.167910
0.264409
0.618991
0.381353
0.107902
-0.034280
-0.113821
0.593860
0.894372
1.917497
-0.002683
0.081340
1.013054
-0.546268
0.802988
0.042115
0.596899
0.073307
0.169190
0.427334
0.413381
-0.247350
0.015828
1.409253
0.149838
-0.320844
0.647952
0.764374
0.033205
-1.326180
-0.162145
-0.122895
0.776470
0.026178
1.624155
0.712617
0.131445
0.380785
1.104476
-0.180013
-1.784755
0.033486
-0.867387
-0.171881
-0.097731
-0.001705
0.019046
0.029306
0.472023
0.377374
0.048228
0.212821
0.018230
-0.008761
0.663862
-0.402006
0.424319
0.918824
-0.505575
0.139313
-0.992715
0.856027
-0.684525
-1.026276
0.328830
-0.325902
0.489224
-0.353697
0.213224
0.030993
0.941580
-0.381251
0.341406
0.096699
1.120313
0.242437
0.376293
1.097730
-0.477318
0.092842
1.132254
1.064581
-0.975648
0.470291
0.084193
0.591314
-0.880646
0.530796
0.375892
-0.395041
-0.549648
-0.575480
-0.452702
-0.762098
0.645857
0.338209
0.200462
0.908638
-0.794130
0.084164
0.638488
-0.460016
0.933851
-0.762573
-1.626758
-1.272916
-0.026705
-0.006663
0.320994
-0.156403
1.155621
-0.018863
0.482169
-0.434401
0.237857
0.212716
-0.788015
-0.119124
0.047753
-0.572845
0.782772
0.020102
0.139769
0.247002
0.411621
-0.296744
-1.890615
0.170921
0.665187
0.651112
0.298195
0.646101
-0.388194
1.051821
-0.515204
-0.114124
0.223855
-0.784403
1.290041
-0.116467
0.048223
0.064557
-0.283223
1.164361
-0.044544
0.209954
1.028570
-0.247003
-0.920713
0.519224
-0.594684
0.113330
-0.954066
1.001860
0.944489
0.900274
-0.543234
-0.290713
-0.678938
0.052237
0.542745
0.235170
-0.390442
-0.422966
-0.195869
0.921239
-0.047881
-0.543991
1.843464
-0.090153
-0.198649
0.228211
-0.887997
0.045272
-1.154408
0.093780
-0.157736
-0.316256
0.172106
-0.140570
-0.509590
0.061725
-0.064827
0.132883
-0.174608
0.583940
0.400601
-0.224413
0.176289
-0.243134
-0.003653
0.644779
-0.395985
1.357009
0.562174
-0.496832
0.171954
-0.135599
-0.240998
-0.511545
-0.421909
0.350469
1.427003
0.158771
0.205882
-0.762756
-0.482696
-1.525873
0.024720
-1.622361
-0.867020
0.080074
0.350647
1.784035
0.377575
0.941114
0.097612
0.036785
-0.304158
-0.184259
0.369897
0.683185
-0.226073
-0.765948
0.150787
0.101675
1.382527
-0.305287
-0.831201
-0.821400
0.055324
-0.037222
-0.582474
-0.462147
-0.462878
-0.078049
0.861563
-0.032564
-0.274778
-0.870459
-0.025166
-0.496514
-0.076553
-0.073593
-0.503525
0.788454
-0.950898
0.424295
0.502060
-0.337435
-1.262828
-0.186391
1.223589
-0.180591
0.665106
1.142838
0.770080
-0.561347
-0.355837
-0.034423
-0.493946
0.133306
-0.170198
0.347330
-0.082697
-0.335466
0.596429
-0.316954
-0.039744
-0.141980
0.055747
-0.192129
-0.327623
0.279118
-0.355755
0.258885
-0.253835
1.484292
1.649089
0.684864
0.745890
1.613009
1.032527
-0.510268
-0.501063
-0.163976
-0.216156
0.579275
-0.139155
-0.208155
-0.067786
-0.344773
-0.304494
0.185326
0.772162
0.181431
0.587097
0.506058
0.067769
1.213849
0.542762
-0.459939
-1.476694
0.092964
0.118704
-0.114289
0.034369
-0.524473
0.667130
-0.205099
-0.468818
0.036122
-0.056938
-0.607923
-0.295398
-0.863103
-0.583088
-0.027429
-0.190979
-0.063248
1.402391
-0.421184
-0.587400
-0.747652
0.327622
-1.314744
0.175685
0.164402
0.462309
-0.069144
-0.988608
0.101649
-0.050429
-0.611165
0.004107
0.708269
-0.313682
-0.055576
-0.052461
-0.640567
-0.003010
-0.461197
0.062864
0.174495
-0.217470
-0.378929
1.614850
1.271623
-0.433916
-0.440218
-0.338415
0.449382
0.749732
-0.769291
-0.669969
0.161182
0.152356
0.252223
-0.537214
1.355960
-0.047689
0.429022
-0.377301
-0.497325
-0.080803
0.230511
-0.185475
0.821694
0.076261
-1.899925
1.123165
0.048101
-0.583826
-0.245946
-0.499386
-0.577271
0.869586
0.324823
1.226918
-0.242044
0.102096
-0.357953
-1.373947
-0.379095
0.844199
-0.153411
0.184904
0.088447
0.257333
-0.280641
-0.420914
-0.042835
-0.954453
-0.240789
-0.215039
-0.867330
-0.119815
0.427682
0.143795
-0.267792
-1.013060
-0.020690
-0.942506
-0.270416
0.372644
0.092019
0.184540
-0.131992
0.512333
-0.023218
0.771977
0.763312
-0.196469
-0.600970
-0.377512
-0.815465
0.237650
-0.272134
-0.060829
-0.184569
0.027070
-1.216747
-0.575016
0.179964
-0.158625
-0.022270
1.311507
0.064624
0.158248
-1.648664
-0.508079
-0.032472
0.121934
-0.154104
0.085368
-0.055163
0.239796
-0.632099
1.990799
0.125299
-0.320290
-0.134438
-0.084246
0.927907
0.096762
-0.097780
-0.764300
-0.376058
-0.768992
-0.403869
0.104952
0.674319
2.163928
-0.261377
-1.090606
-1.249069
-0.650535
0.013150
0.106511
1.721687
0.020866
-0.323341
-0.588492
-0.908434
1.011305
-0.301205
1.095237
-0.555449
-0.804396
0.118972
1.522896
0.763611
-0.585783
-0.347512
-0.092760
-0.741896
0.224581
0.851978
-0.733323
0.332401
0.088916
0.090067
1.102907
1.165053
-0.214623
0.522168
-0.068810
0.679508
-0.713822
0.187508
-0.713260
-0.218390
0.420838
-0.714072
1.399014
0.389818
-0.078145
-0.462584
-0.816668
-0.503834
-0.645030
-0.995927
1.380737
0.328181
-0.303270
-0.386258
0.044857
0.113462
-0.112734
0.556000
0.225494
0.441087
-0.734555
-0.029018
-0.786801
-0.157508
-0.430281
-0.281263
0.992835
-0.323938
-0.380373
0.651760
0.275206
-0.577618
0.141504
-0.592747
-0.259132
-0.044838
-0.243493
-0.078663
0.522658
1.620967
0.046454
0.148939
-0.120601
-0.076284
0.575536
0.579855
0.241969
-0.252343
-1.062573
0.647028
-0.224571
0.570919
0.548393
1.897443
-0.011476
-0.272451
-0.268686
-0.027879
0.452010
0.077703
-0.079740
0.911917
0.711360
-0.284577
-0.045468
0.236239
-0.065755
-0.999850
-0.021945
0.548131
0.153566
-0.944230
-0.181837
0.234774
-0.628779
0.140205
0.172779
-0.836578
-0.991710
-0.407427
0.713331
0.055498
0.233404
0.143515
0.832681
-0.190164
0.878742
-1.599602
0.040104
-0.038356
-0.202120
-0.783092
0.107289
0.068457
0.346436
0.028641
-0.311113
-0.446195
-0.862742
-0.062198
-0.109390
-0.998680
0.624100
0.950165
-0.172156
0.315537
0.359622
-0.144026
-0.272663
1.807749
1.256171
0.182923
-0.444616
-0.140761
0.021257
0.201975
-0.389909
0.054750
-0.445390
-0.115222
0.463689
-0.244080
0.023193
-0.174048
0.117479
0.121052
-0.220771
-0.214162
-0.231614
0.058402
1.093180
0.020631
-0.412641
0.222181
-0.512375
0.297000
-0.926228
-0.263474
-0.793739
0.346790
-0.832791
-0.170839
-0.114214
1.111866
0.923962
-0.168388
0.124552
1.637121
-0.065816
0.373629
-0.509128
0.023501
-0.139692
1.032310
-0.160709
0.842790
-0.206011
0.536970
0.195140
-0.066932
0.392689
0.221463
-0.262937
-0.127608
-0.013461
-0.144612
-0.451423
-0.238592
-0.450161
0.333861
-0.205847
-0.778077
-0.033891
0.098213
-1.004022
-0.059296
-1.709705
-0.353779
0.147219
0.155237
-0.445122
0.841742
-0.301292
0.866534
-0.459516
-0.267409
-0.211393
0.011965
-0.418379
-0.277327
0.131563
0.745250
-0.516286
-0.525912
-0.847632
0.761249
0.321699
0.801046
0.110364
-0.207219
1.299374
-0.148381
-0.496606
-0.226383
-0.043045
1.000014
0.618107
0.644484
-0.443819
-0.150726
0.667342
-0.377553
0.075007
-0.452369
-0.132097
-0.688066
1.458602
0.563494
1.265064
-0.010479
-0.115131
-0.313326
-0.350286
-0.183626
0.960981
0.542801
0.451966
0.039525
1.521805
0.346773
-0.227734
0.143226
-0.261606
1.163338
0.858316
0.044776
0.331486
-0.651986
-0.065207
0.281068
0.347188
0.162542
-0.849248
-0.039596
-0.507266
-0.458663
-0.350640
-0.440616
-0.594080
-1.109241
-0.191964
0.792067
-0.264953
0.605185
0.053611
0.006493
-0.242426
-0.037097
1.021480
-0.617056
-0.467988
-0.673447
-0.222264
-0.100202
-0.438903
1.153432
-0.166814
-0.114394
1.273354
-0.114933
-0.305635
-0.695597
-0.576935
0.231340
-0.016519
-0.139744
0.265085
-0.236261
-0.948238
0.920388
0.228049
-0.517335
0.169540
-0.087765
0.258400
0.126950
-0.308845
1.373428
-0.296999
0.109551
-0.069667
-0.020183
-0.854092
-0.229356
-0.013019
0.178005
-0.682723
-0.738686
-0.838303
0.464932
-0.038319
0.036512
0.134603
0.235802
-0.157510
-0.895317
-0.582895
0.579345
-0.196659
-0.266531
-0.120941
-0.461615
0.172761
-0.219009
-0.487242
-0.056313
1.073681
-0.578307
-0.991193
-0.282454
-0.266826
-0.005950
0.165310
-0.332759
0.396879
-0.182806
-0.604215
-0.064996
-0.049161
-1.220240
-0.419428
-0.394204
-0.256144
-0.528977
0.573407
0.058210
-1.092354
0.003670
0.348997
0.172892
-0.063973
0.015101
-0.187999
-0.478000
0.204116
-0.764711
-0.007849
-0.776407
-0.200966
-0.014615
-0.748732
-0.181251
0.203668
0.170585
0.784824
-0.706398
0.888268
0.497001
1.308071
-0.365680
-0.344084
-0.366217
-0.156248
0.936715
-0.140642
0.024673
0.232821
-1.187891
0.426750
-0.077359
-0.621502
0.131924
0.112100
0.514182
-0.135968
0.119465
0.133332
1.447732
0.095636
-0.208731
-0.056231
-0.382527
-0.449900
-0.898015
0.192045
1.043124
-0.641233
0.481748
-1.161426
0.116274
0.272213
0.214040
0.049591
0.021847
-1.050233
1.012345
0.888543
0.296410
-0.003981
-0.544807
1.190410
0.521847
0.016401
-0.669328
-0.522839
-0.289859
-0.068882
0.813451
0.239834
-0.349406
-0.620799
0.899334
0.376033
-0.119834
-0.513350
-0.368558
0.048380
0.409742
-0.125466
0.135865
0.449714
0.345970
-0.123311
0.032532
-0.159019
0.248365
-0.477846
-0.527037
0.041592
-0.221828
0.479025
-0.453600
0.018187
-0.273204
0.032733
1.123309
-0.842995
-0.510799
-0.229400
-0.118649
-0.286530
-0.240517
-1.242783
-0.404700
-0.490072
-0.984577
-1.112419
0.676024
0.320783
-0.097583
0.613188
-0.063377
-0.305681
-0.148290
-0.566232
-0.007752
-0.346466
-0.446086
-0.123956
0.404627
0.643610
0.039630
0.579312
-0.011088
1.475462
0.216835
-0.000802
-0.558858
-0.020812
0.407008
1.567754
-0.059739
-0.126474
0.513808
0.769230
0.004512
-0.355824
-0.926478
-0.078707
-0.991588
-0.306942
-1.700956
-0.528204
0.409737
0.675888
-0.334165
-0.021393
-0.085606
0.340107
0.598397
-0.428264
1.402893
0.838567
0.782831
0.129652
1.138118
-0.785396
-0.118836
-0.218712
-0.647496
-0.275419
0.733768
0.437138
-0.060207
-0.163178
0.106780
0.180689
0.288873
-0.324043
-0.716904
-0.079891
0.038551
0.131221
-0.050634
0.949839
-0.553575
0.053214
0.396766
0.646071
-0.237946
0.379114
-0.662824
0.192432
0.125819
-0.083851
0.593087
-0.591820
-0.411013
-0.162801
-0.182612
-0.283285
0.713665
-0.091666
0.043651
-1.023456
0.051593
-0.455847
0.938593
1.224169
0.103399
-0.065522
0.099870
0.008616
0.355231
0.393364
0.222144
-0.231981
-0.252963
-0.406672
-0.528356
-0.121700
-0.186116
-0.063719
0.841832
-1.447471
0.867295
-1.101142
-0.195480
0.370923
0.179550
0.576338
-0.011821
1.577176
-0.239705
0.113051
-0.187857
0.223182
0.167491
1.134490
0.084237
0.118138
0.709887
-1.323936
-0.947908
-0.237565
0.067360
0.662083
0.138468
-0.129555
-0.231517
0.457900
-0.032263
0.102771
-0.349277
0.611957
0.240205
-0.369045
0.453827
0.336334
