800
1
-0.001381
0.007335
-0.002225
0.007788
0.003652
0.003119
0.002121
0.000632
0.002378
0.002220
0.008507
0.002042
0.004599
-0.001068
0.002449
0.006684
0.006204
-0.003717
0.001350
0.009803
-0.004807
0.004588
0.004257
-0.000493
0.004765
0.001463
-0.007264
0.008338
-0.000219
0.003436
0.001846
0.003848
0.003667
-0.001178
-0.000133
0.009579
0.007788
0.005863
0.001628
-0.005647
0.004235
-0.000492
0.003147
0.000187
0.009301
0.008805
0.000523
-0.002460
0.005103
0.001020
0.002319
0.011901
0.000818
-0.000154
0.005515
0.003527
0.000203
-0.000232
-0.000507
0.004527
0.003537
0.001157
0.002424
0.001642
0.003803
-0.009367
-0.004701
0.011869
0.002183
0.019335
0.003291
0.002905
0.001066
0.009106
0.000586
0.004596
-0.002740
0.010334
0.000302
0.001234
0.000367
0.005027
0.013290
0.005506
0.002725
0.007083
0.004164
0.007930
0.008176
0.008176
-0.002769
0.005777
0.003295
0.005421
0.003788
0.002890
0.004090
0.002808
0.006640
0.012470
0.001684
0.006823
0.001860
0.001040
-0.008037
0.004581
0.002045
0.001586
-0.000684
-0.000457
0.003957
0.004495
-0.001012
0.012208
-0.003116
0.004312
0.004924
0.006077
0.004965
-0.002355
0.016418
0.003993
0.004509
0.005724
-0.000031
0.003519
0.006918
0.002476
0.010838
-0.003385
0.003891
-0.000267
0.000124
0.000214
-0.001151
0.003321
0.001638
0.004378
0.001319
0.002621
0.006280
0.001630
0.004874
0.009807
0.006222
0.000615
0.004033
-0.003384
0.005258
0.009718
0.003387
0.000292
0.011284
0.004364
-0.000708
0.006365
0.004269
0.004302
0.004211
0.000975
0.001482
0.002076
0.005854
0.007896
0.006992
0.001290
0.005719
0.006079
0.001571
0.003681
0.002939
0.004148
0.002624
0.001303
0.000302
0.006328
0.005674
0.000667
0.007626
0.001635
0.003844
0.006033
0.002516
-0.001623
-0.003749
0.009613
0.004522
0.004356
-0.000310
0.003764
0.001206
0.000548
-0.001137
0.003862
0.002050
-0.000144
-0.004230
0.006630
0.002416
0.008026
0.001837
-0.000327
-0.001117
-0.000232
0.000855
0.006823
0.006557
0.004015
0.003506
0.000350
0.004638
-0.003915
0.000132
-0.000570
0.002026
0.003933
0.006555
0.006778
0.005591
0.004757
0.002498
0.008749
0.009673
-0.000018
0.004396
0.001169
0.000681
0.008423
0.002371
0.004236
0.002320
0.000117
0.009743
0.006877
-0.004085
0.010083
0.003106
0.006199
0.008932
0.002851
0.002453
0.002344
0.001161
0.004626
0.002606
0.011472
0.005416
0.003272
0.007885
0.008718
0.006936
0.000569
0.005253
0.010666
0.005871
0.002297
0.007186
0.000733
0.003065
0.006248
0.004083
0.002415
-0.002023
0.001866
0.007655
0.000593
-0.003065
0.004275
0.002927
0.000623
0.005366
0.004001
0.004065
-0.000217
0.003525
0.004360
0.007330
0.002808
0.002040
0.001615
0.000741
0.000560
0.007123
-0.000012
0.008601
0.005363
-0.000391
-0.001203
0.009455
0.000478
0.000833
0.002090
0.003492
0.003773
0.008264
0.007526
0.005017
0.003858
0.002917
0.002965
0.002029
0.001967
0.006282
-0.003632
-0.002982
0.000800
-0.003170
0.005437
0.002987
-0.000172
0.004763
0.002940
0.011589
0.001637
0.004361
-0.000165
0.001636
0.008187
0.001584
0.001185
-0.000825
0.001556
0.006537
0.002123
0.000171
0.015709
0.003111
0.004363
-0.000329
-0.000081
-0.000357
0.002718
0.004585
0.004659
0.004519
0.001360
0.004700
0.005878
0.006818
0.005804
0.005677
0.002039
0.006545
0.006710
0.005207
0.000026
0.000875
0.006995
0.009942
0.002506
0.003909
0.003872
0.004155
0.003220
0.010163
0.004456
0.006985
0.013387
0.000701
0.004179
0.000362
0.010367
0.001107
0.001276
0.000534
0.000345
0.003199
0.001189
0.003256
0.006502
0.004179
0.005567
0.007251
0.007611
-0.003551
0.002699
-0.002327
0.000963
0.002076
0.002594
0.002200
0.003986
0.005339
0.001487
0.010379
-0.000471
0.001059
0.002562
0.005061
0.008063
0.009264
0.002888
-0.000135
-0.002097
0.000776
0.004113
-0.001880
0.003740
0.000288
0.000864
-0.000189
-0.000776
0.003357
-0.002911
0.000667
0.012316
-0.009637
0.022274
0.004171
0.007010
-0.000424
0.009987
0.001817
0.009403
0.002507
0.003455
0.008019
0.008287
0.010225
0.014338
0.013903
-0.000399
0.001055
0.002237
0.002342
-0.007587
-0.000442
0.009204
0.002371
0.003330
0.004596
0.014919
-0.000673
0.011714
0.006340
0.001101
0.012057
-0.000284
0.007914
0.003516
0.000424
0.006038
0.001003
0.003578
-0.001178
0.010759
0.006668
-0.001939
0.000202
0.003812
-0.002697
0.008727
0.001997
0.002715
0.002841
0.007040
0.003960
0.000855
0.004866
0.001135
0.003477
-0.002576
0.000888
0.001371
0.001490
0.002395
0.002614
-0.001675
0.001183
0.016684
0.005766
0.006996
0.002485
0.000470
0.000162
0.009154
0.002780
0.003694
0.001857
-0.001813
0.011328
0.007095
0.012116
0.004974
0.010665
0.009038
0.011608
0.001988
0.002187
0.004498
0.003520
-0.002755
0.006479
-0.005762
0.007869
-0.001444
0.005570
-0.000031
0.009070
0.004143
0.000256
0.009890
0.003588
-0.002968
0.005439
0.004523
0.004231
0.006876
0.012028
0.010672
-0.000982
0.003003
0.000946
0.005395
0.001184
0.005657
0.002858
0.004386
0.004868
0.002793
0.007986
0.003901
0.004168
-0.002116
0.003188
0.006094
0.000711
0.002284
-0.008576
0.005015
0.005849
0.002378
-0.001826
0.000202
0.000857
0.016565
0.003331
0.006908
-0.011508
0.002766
0.001353
0.002517
0.004128
0.007335
0.000671
-0.000448
0.003905
0.004676
0.009360
0.003055
0.003506
0.002028
0.001051
0.000337
0.005342
-0.002290
-0.001079
0.000338
0.002824
0.000741
0.002090
0.001055
0.003759
0.002932
0.002185
0.000892
0.002186
0.012197
0.006473
0.000529
0.004461
0.004610
0.005950
0.000264
0.005134
0.000540
-0.005162
0.007251
0.005771
0.003933
0.008917
0.004771
0.004308
0.001296
0.001196
0.006606
0.005864
0.000533
0.009414
0.003739
0.006083
0.000185
0.005851
0.003281
-0.002097
-0.000131
0.003766
0.009995
0.001620
-0.000616
-0.001040
0.005578
0.002721
0.003928
0.001708
0.008685
0.009489
0.001339
0.003244
0.007249
0.011272
-0.001018
0.000652
0.004377
0.001002
-0.000838
0.001749
0.001243
0.008403
0.006937
0.005494
0.007297
0.000602
0.004271
0.005302
0.001117
-0.000978
0.004683
0.000694
0.006345
0.002474
0.005927
0.001786
0.000979
0.008870
0.001001
0.006522
0.004821
0.004311
0.001123
-0.002030
0.003458
0.001677
0.005007
0.007862
0.002602
-0.002466
0.000504
-0.003036
0.005782
0.009420
0.002091
0.001851
0.006326
-0.000909
0.002453
-0.007775
0.004085
0.007800
0.002404
-0.003959
0.006075
0.005960
0.002319
0.007065
0.000318
0.005627
0.005505
0.010237
0.014430
0.002115
0.006942
-0.000286
0.007417
0.003592
0.004039
0.011702
0.005102
0.002073
0.003567
-0.000043
0.006006
0.003941
-0.001102
0.003999
0.002276
0.008837
-0.000793
0.001538
0.010915
0.001736
-0.004092
-0.008500
0.012158
-0.006714
0.010884
0.003969
0.012173
0.000256
0.009175
0.003706
0.005753
0.001995
0.006991
0.003645
0.006687
-0.000678
0.002435
0.007797
0.001111
0.005008
-0.000432
-0.004563
0.008690
0.013057
0.002743
0.001964
0.005055
0.004940
0.003889
-0.002133
0.002969
0.000332
0.000377
0.010958
-0.000696
0.000396
-0.003831
0.002660
-0.001659
0.009648
0.013726
0.003496
0.005881
0.005059
0.002583
0.001747
0.009810
0.002218
0.013147
-0.001978
0.002684
0.003819
0.005297
0.002525
-0.005149
0.002662
0.004483
0.011005
0.000373
0.006418
0.001957
0.004369
0.001685
-0.001305
0.003456
0.005841
0.009694
0.006332
0.011035
0.003238
0.001444
0.001533
-0.004602
0.002548
0.006479
-0.000476
0.002732
0.008419
0.003852
0.005103
-0.000774
-0.004399
0.005384
0.003645
0.002886
0.007711
0.001935
-0.000782
0.005323
0.000733
0.001981
0.000833
0.003029
0.006026
0.007879
0.010645
0.005645
0.012410
-0.005061
-0.002912
0.004310
-0.000143
0.005912
0.005929
0.006775
0.001214
0.007796
0.001904
0.001492
