800
1
0.020848
0.026407
0.043548
-0.015512
-0.014000
-0.006895
-0.029523
0.037891
-0.003379
-0.084821
0.019967
0.001508
-0.004041
0.010897
0.000421
-0.000855
-0.029165
0.020637
0.053552
0.064881
0.030530
0.054385
0.005720
0.007133
0.012657
0.023907
0.040609
0.016754
0.012312
0.043814
-0.023548
-0.003494
-0.003212
0.050122
0.088507
0.035475
0.022193
0.013598
0.021072
0.014858
0.007785
-0.008051
0.040862
0.021677
0.004127
0.000241
-0.028837
0.021806
-0.000197
0.001078
0.016279
0.004697
0.045687
0.015209
0.034609
-0.007110
0.005008
0.037870
0.004067
0.021767
-0.013164
-0.001247
0.007822
0.016792
-0.001006
0.009006
-0.000498
-0.008156
0.025159
0.052654
0.001901
0.009980
0.013258
0.001250
0.002799
0.052669
0.042395
0.002981
0.019455
0.056174
-0.006581
0.001576
-0.062235
0.013601
-0.014979
0.011125
0.038980
0.025003
0.032807
0.037894
-0.037395
0.037455
0.077162
0.018006
0.001574
-0.020972
-0.016227
-0.041111
0.017124
-0.039946
0.008075
0.019296
0.006664
0.032982
0.005550
0.083556
-0.000229
0.005304
0.020485
0.007093
-0.048041
0.023914
0.086317
0.015314
0.027913
0.060094
-0.012064
0.009321
0.030416
0.024370
-0.001966
-0.028060
0.000652
0.027888
0.021373
0.021828
0.046481
-0.036623
0.030829
0.019117
0.000099
0.002086
-0.066657
0.055745
0.005884
0.039343
0.023436
-0.012073
0.021713
-0.004562
0.031894
0.067381
0.029737
0.018456
0.004461
0.025136
0.012123
0.079793
0.008211
0.026634
0.049875
-0.011247
-0.050321
-0.056462
0.026826
-0.001466
0.003186
0.009795
-0.018186
0.019278
0.061225
0.021621
0.023385
-0.007394
0.006159
0.000537
0.023449
-0.000064
0.001237
0.000476
0.020320
0.012893
-0.074424
0.000528
0.011509
0.069768
0.021962
0.052652
-0.001801
0.012289
0.000854
0.035638
0.036709
-0.009210
0.001371
-0.045103
-0.046259
0.000013
0.008910
-0.000103
-0.015521
0.013997
0.036002
-0.050101
0.018840
-0.035963
0.025898
-0.052240
0.032394
-0.030838
-0.052049
0.028644
0.000048
-0.007050
0.036453
-0.000178
0.034199
0.000983
0.010414
0.013529
0.006346
0.031647
-0.020518
0.024838
-0.000056
-0.029266
-0.002797
0.016278
-0.001217
0.018296
0.021386
0.028640
0.035961
0.048139
-0.028623
0.002330
0.028101
0.004601
0.025015
0.008754
0.075334
0.008259
0.000093
-0.000350
-0.023096
0.024831
0.013845
0.013644
0.016771
0.097015
-0.003395
0.010223
-0.002800
-0.011160
0.005356
-0.047521
-0.004677
0.003662
0.057289
0.058747
0.016308
-0.000028
0.051117
0.031539
-0.040852
0.033820
0.040068
0.018980
0.003510
0.014630
0.006077
0.001529
0.014150
0.062429
0.095376
0.012215
0.034360
0.006527
0.015573
0.030003
-0.001565
-0.014185
-0.014497
0.026841
0.017644
-0.011450
-0.021504
-0.023083
0.042703
0.015288
0.012504
-0.009681
0.032661
0.054353
0.018116
0.004594
-0.035297
-0.074900
0.003635
0.003559
0.000457
0.023370
-0.042607
-0.000181
-0.010829
0.029493
0.020345
-0.001744
0.007593
-0.014778
0.052995
0.067664
0.024402
0.011836
-0.002182
-0.017309
0.044565
0.000110
0.011279
0.009291
-0.026968
0.072157
0.040100
0.046604
0.007313
-0.039003
-0.030779
0.022563
-0.014517
0.056207
0.009881
0.033947
-0.014792
0.008318
0.008015
-0.027230
0.025679
0.022134
-0.006481
0.084796
-0.008657
0.039305
-0.003522
0.009524
-0.005357
0.000283
0.001167
-0.010273
0.061095
0.004426
0.065171
0.045723
0.041309
0.039315
0.056962
0.047930
-0.049587
-0.012999
0.024510
-0.011586
-0.056241
0.003121
0.002783
-0.000000
0.014398
-0.000570
0.054230
0.007580
-0.002763
0.001530
0.001757
0.010989
0.003921
0.018401
-0.043736
0.080669
-0.003506
0.005961
-0.022835
0.010783
0.000179
-0.002492
0.014955
0.005850
0.003560
0.007193
0.021546
-0.000623
-0.003881
0.052495
-0.035576
0.004303
-0.022271
0.037804
0.031985
0.042655
0.001424
0.016294
0.015622
0.037441
-0.011190
0.026348
0.035614
0.023654
0.001896
0.013989
0.035861
-0.000064
0.030723
-0.000313
0.041801
-0.005709
0.023533
0.016237
0.011780
0.017484
-0.026506
0.021130
-0.044414
0.025588
-0.002006
0.030160
-0.057637
-0.001386
0.005770
0.009057
0.000540
0.023795
0.023549
0.009982
0.090273
0.007727
-0.001213
-0.010978
0.001048
0.028236
-0.003958
-0.032544
-0.032874
0.014305
0.041536
-0.017037
-0.001928
0.017433
0.015481
0.016816
0.003865
0.017522
0.003105
-0.010377
-0.003304
0.000021
0.033117
0.006559
-0.020932
-0.021550
0.002876
0.015915
-0.007727
-0.040910
-0.015462
-0.001508
0.023971
0.039271
-0.002519
0.009524
0.110751
-0.105053
0.061344
0.010784
0.039991
-0.058063
0.007765
0.004601
0.056429
0.020436
-0.014042
0.039081
0.005520
0.010962
0.016760
-0.000521
-0.014604
-0.029071
0.020743
0.016436
0.029541
-0.009834
0.040859
0.003520
0.009205
-0.000614
0.027763
0.013472
0.065690
-0.012428
-0.002700
0.010805
-0.001195
0.000232
-0.031590
0.021926
0.012864
0.086425
-0.012973
0.013439
0.012360
-0.001408
0.011123
0.008647
-0.063345
0.009640
0.024655
0.012147
-0.004438
0.021910
0.003771
-0.001883
0.012607
0.028741
0.007130
0.090500
0.018984
0.032896
0.043570
-0.022973
0.024594
0.021259
0.022954
0.030335
-0.024768
0.029040
0.030697
0.029749
0.011102
0.022848
0.001900
-0.000081
0.068715
-0.028085
0.040479
0.059070
0.000453
-0.002399
0.017798
0.007927
0.014058
-0.008198
0.032932
0.000254
0.014317
0.011815
0.006235
-0.041530
0.025384
0.088135
-0.015850
-0.000473
0.029597
0.016678
0.005903
-0.071152
-0.020655
0.002652
0.000124
0.008633
0.023140
0.011218
0.033237
-0.021891
0.002322
0.001317
0.028969
0.020797
0.005900
-0.017731
0.024450
0.027013
0.049017
0.010410
0.040923
0.018959
0.025616
0.011951
-0.028819
0.017502
-0.011171
0.000770
0.035295
0.010859
0.001690
0.032886
0.008160
0.074202
-0.005686
0.155002
0.017280
0.009149
0.032263
0.006829
-0.012939
0.065867
-0.011494
-0.000010
0.018916
0.018097
-0.000014
-0.001303
0.019816
-0.000974
-0.008188
-0.019209
0.012229
0.024290
-0.001182
-0.001937
-0.004173
0.010223
0.032710
0.011458
0.029287
0.020335
0.021214
0.000330
0.005299
0.012496
-0.000683
-0.000899
-0.000232
0.153145
0.026588
0.000208
0.005247
-0.038323
0.053860
0.020383
0.050703
0.003057
0.028286
0.042561
0.025599
-0.003933
0.001606
0.036520
0.036172
-0.000319
-0.018602
0.075340
0.021663
-0.039537
0.016889
0.010788
-0.048399
-0.059401
0.013729
-0.000022
0.042067
-0.006564
-0.037968
-0.056791
-0.003452
0.014499
0.008954
0.003121
0.027302
0.002781
-0.003087
0.000236
0.023339
0.025038
0.001155
0.027136
-0.004613
-0.016770
-0.011389
0.026792
-0.000590
-0.084806
0.032305
-0.019080
0.003937
0.003602
0.002438
-0.008556
-0.013535
-0.007536
-0.045828
-0.000029
0.027034
-0.003527
0.006859
0.009449
0.012993
0.064588
0.051206
-0.000577
0.034012
0.001625
0.000117
0.100041
0.000283
-0.010796
0.019358
-0.038063
0.001224
0.024313
0.021196
0.002819
-0.024745
0.121825
-0.012038
0.028718
0.001510
-0.022990
0.011641
-0.007005
0.063822
0.008124
0.030181
0.040365
0.056885
-0.013308
0.008128
0.048270
0.005670
0.027652
-0.003515
0.012070
-0.011728
0.039085
0.021045
-0.040132
0.023429
0.025364
-0.000183
-0.041903
0.022084
0.050448
0.009484
-0.000596
-0.007157
-0.000198
0.032454
-0.023773
0.043330
0.037445
0.007134
0.012406
-0.006941
0.020082
0.034695
-0.025966
0.087387
-0.002716
0.059344
-0.000907
0.059751
0.004180
0.008224
0.054504
0.067084
0.038411
0.046586
0.010519
0.028756
0.026793
0.020408
-0.016983
-0.015143
-0.004402
0.104965
0.002063
0.009749
0.011611
0.031353
-0.070079
-0.005389
-0.045413
0.052544
0.016870
0.021105
-0.063988
0.005156
-0.034251
0.000420
0.046710
0.000432
0.062471
0.040425
-0.001059
-0.009170
0.004965
0.117357
0.054341
0.029890
0.023910
0.016604
-0.007232
-0.036120
0.006005
0.015282
0.023541
-0.008440
0.018916
0.002115
0.021532
-0.001142
0.072918
-0.000383
0.006982
