300
1
0.000633
-0.000421
0.000295
0.001524
0.001740
0.000053
0.000953
-0.000000
0.000399
0.001901
0.000727
0.000616
-0.001109
0.000196
0.000253
-0.000027
0.000470
0.000155
0.001191
0.000138
0.000539
0.000193
0.000462
0.000961
-0.000061
0.000772
0.000225
0.000604
0.000348
-0.000634
-0.000441
0.000424
0.000453
0.001581
-0.000124
0.000989
-0.000744
-0.000307
0.000792
0.000766
0.000715
-0.000111
0.001522
0.000629
-0.000184
-0.000319
0.000358
0.001612
-0.000084
0.000235
-0.000101
0.001580
-0.000001
-0.000460
0.001008
0.001509
0.000590
-0.000067
0.000769
0.000463
0.002638
-0.000026
0.000531
0.000501
0.000640
0.001352
0.000030
0.001744
-0.000219
0.000296
0.000174
0.001243
0.000200
0.000728
0.000267
-0.000116
0.001167
0.000565
0.001670
0.000061
0.000035
0.000761
0.000295
0.000626
0.000719
0.000932
0.001059
-0.000263
0.000944
0.000022
-0.000144
-0.000441
0.000338
0.000093
0.001376
-0.001000
0.000726
0.000707
0.002007
0.000877
-0.000117
0.001105
-0.000306
0.000564
0.000526
-0.000002
0.000498
-0.000073
0.001978
0.000506
-0.000051
0.000274
-0.002122
0.000692
0.000002
-0.000560
0.002052
0.000291
0.000417
-0.000037
0.000078
0.000148
-0.000534
0.000707
0.000687
0.000658
0.000930
0.001100
-0.000145
0.000194
0.000249
0.000465
0.001357
0.000309
0.001877
0.000099
0.000095
0.000523
0.000990
0.000601
0.000559
0.001509
0.001191
-0.000355
0.002344
0.000228
0.000205
0.001890
0.001604
0.000967
0.000471
0.000118
0.001945
0.000367
0.001625
0.000220
0.000275
0.000870
-0.000144
-0.000098
-0.000190
0.000159
0.000156
0.000713
-0.000065
0.000168
-0.000245
-0.000112
0.000329
0.000402
-0.000099
0.000606
-0.000608
0.001707
0.001732
0.000894
-0.000271
-0.000671
-0.000121
0.000008
0.000133
0.000178
0.000552
0.000078
0.000474
0.000815
0.000527
0.000498
0.000054
0.000128
0.000184
0.000318
-0.000464
0.000879
0.000023
0.000517
-0.000175
0.000749
0.001573
0.001192
0.000742
0.000344
0.000143
0.000821
0.000225
0.000397
0.000445
0.000581
0.000391
0.000807
0.001436
0.000741
0.001530
0.000305
0.000491
0.000369
-0.000151
-0.000298
0.000549
0.001740
0.002286
0.000532
-0.000352
0.000697
0.000731
0.000223
0.000025
0.001338
0.001895
-0.000176
-0.000373
0.000573
0.001926
0.000272
-0.000013
0.000240
0.001705
-0.000774
0.001231
0.000274
-0.000019
-0.000146
0.001298
0.001146
0.000761
0.000348
0.001077
0.000011
0.000009
0.000794
0.000856
0.001257
0.002927
0.001233
0.000868
0.000828
0.000423
0.000020
-0.000835
0.000096
0.000050
-0.000017
0.001337
0.000443
0.000725
0.003424
0.000937
-0.000056
0.002092
0.002280
0.000326
-0.000090
0.002150
0.001073
0.000215
0.000190
0.001172
0.000181
0.002007
0.000256
0.000368
0.000302
0.000319
-0.000163
-0.000182
0.001179
0.000043
-0.000290
0.000386
0.000088
0.000030
0.000138
0.000199
0.000212
0.000100
0.000893
0.000412
-0.000036
0.000291
0.002925
