800
1
68681.992188
-0.000133
0.002190
3357654.500000
3878474.500000
2772010.500000
0.001113
910039.937500
1773477.375000
314181.250000
379169.250000
2073074.250000
876141.562500
-0.002603
2984560.500000
-0.000749
-0.000130
-0.000126
2909967.000000
0.000387
1526799.875000
0.001259
6060886.000000
0.000880
34147.367188
0.001422
59784.484375
2157159.750000
4350192.500000
480884.218750
2477181.750000
103077.437500
608743.812500
1231350.875000
0.000028
-0.005329
-0.000544
0.000745
1133533.750000
164563.390625
-0.002786
385103.343750
502916.593750
0.000900
1050657.500000
609014.625000
-0.001644
3357932.250000
438301.437500
-0.000381
0.001006
1495486.125000
0.000870
1291195.875000
84450.335938
-0.000117
-0.000474
-0.000272
0.000143
721903.625000
2405528.750000
0.001802
-0.001632
252943.546875
-0.000243
2588088.750000
0.003895
-0.002224
1420201.375000
2174289.750000
-0.000188
10430.510742
101191.812500
184631.500000
4127024.750000
1711049.375000
1850662.000000
3490048.250000
701080.562500
593441.062500
994626.750000
1296388.750000
324445.312500
-0.000341
0.000238
0.000005
1216670.375000
0.000013
-0.000096
0.000277
1583437.625000
-0.000313
-0.000491
579016.562500
0.000675
204567.000000
-0.002278
880786.937500
1417089.750000
-0.000214
1349859.375000
500865.906250
845941.500000
1257072.625000
50053.328125
258693.406250
111529.828125
3093445.000000
2958766.250000
1486361.500000
-0.000543
-0.001929
-0.000374
-0.000568
1512942.750000
945875.312500
0.000058
2092489.625000
3967773.500000
2138892.750000
1682236.375000
2457825.750000
2439026.500000
632808.437500
194513.531250
-0.000428
-0.001263
1923116.125000
3250883.250000
2940635.750000
-0.000618
3465283.000000
537274.125000
-0.000639
0.000166
658344.687500
698020.750000
-0.000181
-0.002099
2762428.750000
-0.000324
1580965.875000
749662.937500
2981881.500000
2408360.250000
-0.000312
1550425.375000
1965915.750000
-0.000761
545394.187500
3337857.250000
721829.062500
-0.001412
2352615.500000
-0.000892
1631831.000000
0.000850
-0.001696
1944069.375000
155974.281250
617956.812500
151944.093750
1632953.500000
1434587.125000
591171.562500
593614.062500
648370.000000
3686450.000000
-0.004561
2049766.625000
481899.468750
648443.750000
4786986.000000
338227.781250
3166758.250000
1264877.625000
-0.001558
-0.005279
1536905.750000
-0.000947
-0.003709
199774.484375
-0.001003
2472131.250000
-0.000757
-0.000542
1388766.375000
3035273.250000
2138552.750000
153285.890625
472924.562500
524374.750000
-0.004509
774609.312500
0.002087
-0.002404
-0.000111
519833.312500
-0.001078
0.000469
0.000384
-0.000067
0.002186
1619631.750000
213435.218750
222058.421875
1826055.375000
2331531.500000
2453301.250000
1803451.875000
-0.005662
-0.000411
0.001376
-0.000518
-0.002576
68694.109375
105200.492188
-0.001726
1866181.625000
107747.273438
2483683.250000
0.001069
2126611.250000
873590.875000
0.001614
1001494.312500
2058753.000000
1932804.750000
-0.002476
2114800.000000
-0.000582
1222935.375000
733488.062500
0.000000
0.000617
538173.250000
-0.000182
634135.000000
-0.002999
-0.004885
1654947.000000
544017.750000
0.000007
151438.656250
4432463.500000
2201030.750000
104227.359375
413434.375000
0.001852
-0.001078
1321502.875000
542478.250000
45502.488281
141971.265625
-0.000400
165844.343750
0.003730
1199182.000000
-0.004110
557284.250000
-0.000381
217625.078125
268589.093750
0.000060
-0.000117
0.000067
0.002293
2096226.250000
26220.515625
-0.000481
2270107.250000
560462.125000
0.001347
-0.000273
256279.390625
-0.000141
187849.250000
-0.000263
1283289.125000
978065.687500
1445899.500000
699389.875000
1323215.000000
2410066.500000
416086.906250
2869803.500000
256129.609375
1442419.375000
391269.625000
0.000471
384463.250000
2348197.750000
-0.000620
354086.406250
-0.000214
-0.004210
2488334.500000
-0.001529
0.001176
139826.937500
1117597.250000
67638.421875
2415827.000000
-0.000641
87020.421875
966009.937500
647691.500000
-0.003143
4140103.500000
68725.687500
1477641.500000
2228467.750000
1809549.500000
-0.000175
-0.001377
907301.125000
577230.937500
3073001.000000
1884101.125000
-0.001003
986010.000000
339148.531250
1364732.375000
-0.000170
-0.000835
607890.250000
1368176.000000
-0.002041
579055.750000
0.000716
1460991.250000
-0.000735
123770.695312
445840.875000
0.000138
0.000098
331972.031250
424314.031250
-0.001924
1431805.625000
1108729.625000
1771860.750000
508124.625000
281933.781250
547593.937500
0.000646
1285077.500000
49772.117188
-0.002250
-0.001685
-0.000195
-0.001027
1304535.750000
1408752.875000
1607827.125000
342925.250000
2635481.750000
1929600.250000
-0.001534
61026.261719
687905.500000
219271.375000
356396.656250
-0.000592
1248312.625000
3100727.000000
973968.500000
1780912.875000
514167.781250
-0.000398
1387190.625000
3141740.000000
55299.062500
2991541.500000
-0.000357
2954599.750000
0.001510
-0.000081
-0.000364
2460561.000000
-0.001257
215138.437500
137740.578125
-0.004998
509257.437500
3898628.500000
201408.625000
957619.000000
129754.078125
0.000613
3321596.000000
1442857.625000
-0.000021
564845.937500
169359.765625
-0.002168
2274830.500000
-0.000078
3111159.000000
-0.000692
5409327.000000
3761964.750000
580865.437500
532764.062500
646080.125000
1383825.625000
191670.828125
73763.078125
2119294.750000
3078854.500000
-0.001157
902354.625000
712833.187500
1327427.375000
0.000145
47864.500000
-0.001039
-0.000914
779180.812500
515640.625000
124416.687500
2173300.250000
121574.921875
-0.001090
743226.562500
317826.531250
0.000778
-0.002687
-0.000214
374212.062500
719869.312500
-0.000221
2743177.750000
125996.664062
2905665.000000
28546.802734
508552.500000
826554.625000
-0.000092
394503.781250
258944.750000
2931655.500000
-0.000645
0.000419
341847.125000
-0.001474
4952562.000000
-0.000240
-0.001352
1295677.250000
-0.004021
2204657.750000
-0.000572
-0.001324
-0.000084
-0.006069
2939620.000000
2158930.750000
149560.609375
2271612.750000
-0.000056
66881.523438
4457.248535
0.000032
1450308.375000
596379.937500
1043653.875000
0.000258
3371068.250000
-0.000700
-0.005341
2258040.500000
-0.001242
67854.406250
1621920.875000
4963482.000000
-0.002569
1054427.125000
93751.539062
-0.000982
63364.000000
693886.875000
0.000721
82972.609375
-0.002671
105935.031250
-0.000565
-0.002697
-0.002469
-0.004099
1381303.875000
3689429.750000
-0.000232
0.000377
205265.953125
0.003409
0.000043
1195906.500000
-0.001584
135014.125000
-0.000227
1133019.500000
384984.125000
1242762.625000
0.001910
-0.002449
0.003655
-0.003441
0.000064
0.000078
0.000074
-0.002973
330226.187500
3418991.250000
-0.007206
567968.750000
0.000036
90148.070312
0.003478
370622.562500
0.000049
-0.001496
1681311.125000
-0.000564
-0.000702
501973.687500
2291787.750000
-0.000452
-0.001485
-0.001092
-0.000137
-0.000347
0.000265
2180507.750000
-0.000266
1290370.500000
970277.562500
0.000072
-0.000420
150459.843750
2674908.250000
-0.003336
65909.664062
1669102.125000
742823.687500
1591812.750000
-0.004349
1475159.500000
597469.812500
0.000264
1013760.250000
0.000829
0.003184
-0.000335
-0.000401
-0.000176
3959853.500000
0.000677
3398995.500000
-0.003870
429725.718750
0.000269
0.000083
-0.000424
603907.812500
0.002343
1291996.125000
3306095.000000
770517.000000
563243.375000
161532.453125
2120512.500000
0.000935
96887.281250
389677.000000
736451.500000
0.000822
0.001830
-0.001381
57023.355469
2100660.000000
549857.687500
-0.001442
106145.851562
-0.000829
1780647.750000
-0.000086
0.000075
2792001.500000
781573.312500
658183.437500
3533599.500000
580457.000000
-0.000852
2427172.500000
-0.000627
-0.002907
842919.125000
552555.187500
3189259.000000
-0.000010
2533168.000000
2780615.250000
-0.001994
-0.000869
1113167.250000
2430881.000000
0.001574
0.001167
-0.003198
0.000491
1330234.500000
1466738.875000
3187699.500000
0.003187
-0.000074
-0.000992
367965.218750
-0.000538
187305.250000
0.000072
701299.437500
281940.875000
-0.001834
2338228.750000
2175214.750000
0.001244
0.000048
2462393.750000
3473929.500000
402250.500000
188924.453125
-0.000409
-0.001105
1861268.500000
2091895.625000
248199.906250
2783487.000000
2922588.000000
0.000111
0.000104
79885.820312
2342918.750000
247522.828125
-0.000302
1027467.000000
1127126.625000
353398.562500
3146737.750000
300132.593750
-0.003049
1483431.125000
1653315.625000
169724.890625
2876600.500000
-0.000178
1956036.125000
150339.953125
0.000979
0.000937
-0.000029
2271617.000000
242283.375000
526944.687500
-0.000689
755678.750000
45355.199219
524214.937500
193616.609375
-0.001760
172861.859375
336143.906250
956928.937500
1502892.750000
1261612.625000
-0.000809
0.003761
0.002268
0.002546
2585692.750000
-0.000347
795173.125000
-0.002131
964157.000000
0.005627
-0.002665
-0.001319
298127.937500
1875829.375000
-0.000447
0.002119
-0.000093
-0.000143
202518.000000
120217.906250
1150035.000000
1500035.500000
1043788.000000
2365317.250000
2721684.250000
2420073.750000
2752866.000000
210072.500000
0.000142
1064586.000000
0.000424
4266687.500000
-0.001425
2049169.750000
1364418.375000
1639614.125000
-0.002640
0.001453
0.000031
-0.002024
1400238.500000
-0.002017
2646593.750000
-0.000893
-0.002962
2836994.750000
-0.000530
0.001375
2906837.000000
-0.001596
668031.375000
1849568.750000
0.000626
0.000259
0.000435
-0.000433
-0.000562
0.004413
399938.000000
1853566.875000
-0.001085
442763.750000
2834655.250000
0.001429
1727255.750000
0.000802
0.000011
307914.500000
1944476.250000
-0.000380
-0.000232
0.000600
0.002155
0.000008
0.000920
3983455.250000
251860.484375
5006588.500000
1566435.750000
-0.000167
249797.281250
-0.001806
2422464.250000
3574594.750000
-0.000312
1512773.125000
2884851.000000
-0.001086
0.002273
-0.000248
-0.000035
421818.187500
0.000302
1070500.875000
1182879.875000
953872.687500
0.001379
1256270.250000
0.000158
1735363.875000
-0.001766
-0.000350
-0.001549
0.000181
-0.000602
-0.000184
-0.001449
7314.779297
-0.002217
262218.031250
-0.000687
0.000299
2018425.250000
2978525.500000
1737620.625000
1155906.750000
92504.875000
-0.000155
209015.093750
368089.531250
1223849.625000
3486615.000000
1274047.000000
172254.765625
3153598.750000
