800
1
-0.000290
505.976166
1261.457275
0.001025
619.395447
59.086956
215.382477
0.006083
307.137573
673.586487
-0.004344
209.824356
498.239532
-0.004819
-0.000220
235.538177
108.179916
480.439423
0.001013
705.442749
106.535957
49.829876
1188.654053
51.750595
342.228851
0.000960
61.045982
843.379944
-0.002394
-0.001854
51.038601
1148.027222
100.047935
-0.000374
362.060150
487.861755
54.780533
0.006941
-0.000433
735.752441
0.001944
-0.001827
92.073845
112.231560
-0.002911
109.345367
0.001785
378.989136
0.000503
591.659485
-0.003942
510.852234
300.663116
-0.000644
-0.000160
764.136169
129.404892
-0.000912
0.003527
-0.000038
-0.002352
-0.003288
117.024391
-0.002493
0.001383
66.417892
-0.001255
0.003591
915.549561
276.312286
-0.001949
0.000000
313.940918
67.389046
0.000178
264.545197
0.001804
554.592712
0.000958
48.954357
661.465881
34.110859
-0.002919
318.388153
123.133720
0.001576
645.695679
-0.004048
0.000453
0.003235
218.080902
158.432465
630.442200
0.004969
22.604349
484.384521
-0.014140
272.043091
520.689697
534.418884
62.767323
-0.004033
215.423965
357.325043
-0.001891
270.759918
-0.003042
206.706772
0.005071
333.002838
183.762421
-0.003585
0.010267
-0.002245
0.006230
50.419624
201.720093
674.270325
0.000550
46.042831
0.004572
279.089294
-0.003070
177.992172
-0.000359
1111.740967
-0.001549
1083.604370
145.361359
156.137726
0.005537
-0.001160
631.328247
-0.009250
810.518738
-0.000891
723.271790
-0.006355
170.645920
180.949509
1011.994019
781.324951
373.205414
0.002174
347.676270
497.986725
-0.001529
-0.002132
86.610291
-0.002108
-0.000797
0.002288
378.542908
0.003058
822.678894
-0.001317
368.032898
-0.006541
-0.000540
627.718689
-0.003851
-0.002128
123.031525
297.534271
381.870636
-0.003779
-0.001412
221.770508
0.001383
1518.662109
369.571198
456.779114
646.437012
497.446869
129.091324
300.496582
0.001554
-0.000239
360.220154
0.003609
0.011335
885.234436
-0.002848
-0.003086
323.392395
689.708313
0.001913
0.000141
132.070282
0.001597
216.281387
-0.006325
767.715881
161.626190
858.784546
505.068665
684.224915
0.000361
1156.910522
800.631042
-0.001364
43.017506
43.449997
276.424713
158.300522
0.000717
468.147278
-0.003075
124.785637
197.713409
0.004074
1171.633057
0.000137
66.288925
0.001905
0.006977
237.897537
66.351868
0.003878
715.999756
644.494995
1237.101074
0.016163
0.000244
74.269150
443.248932
0.004831
0.001607
473.857880
68.988823
764.812439
-0.007954
373.046600
917.114868
-0.000623
223.251053
-0.001891
0.002774
785.607910
-0.004812
0.001349
0.000653
120.204887
0.001644
1217.028931
-0.011587
-0.001852
1278.482788
123.439629
151.453903
138.208893
480.318695
582.263184
123.589691
787.330994
1085.926025
0.000769
127.602821
371.777618
365.210510
537.672058
363.521698
44.441032
44.234711
0.003026
0.002324
-0.004970
-0.003107
0.000925
140.206970
533.254822
68.339005
235.399658
-0.000410
960.827148
-0.004415
-0.005632
194.327103
251.286865
-0.001056
-0.001021
146.407242
71.215508
273.238251
-0.001281
505.461884
-0.002830
-0.000116
-0.001371
35.058411
-0.000947
224.974106
0.004591
0.000136
-0.004517
356.979156
224.417526
349.800079
808.890198
498.642731
406.195984
-0.000927
102.603859
347.787201
-0.006548
292.159729
-0.001712
0.001181
1112.010864
80.291840
217.719742
928.029114
226.649521
639.841736
0.005302
149.274887
74.980415
0.011504
0.010295
160.239212
-0.008903
52.937920
0.005474
0.000471
101.084435
0.000112
631.645569
0.007405
245.438629
0.000096
123.604736
0.000661
-0.002863
-0.005492
741.439575
43.056549
0.010166
764.077393
187.394669
0.001698
-0.000568
0.000664
0.001548
100.548630
0.000300
543.474182
0.000453
136.371155
641.742065
142.442429
0.002081
914.026550
546.763733
331.187836
760.619202
-0.000626
365.799927
0.003172
-0.000267
-0.001506
77.895035
0.001623
58.650631
155.906982
-0.001258
392.385529
-0.004428
-0.001982
857.723145
266.099854
360.828583
-0.001096
143.627396
760.681335
0.001818
-0.000344
-0.002709
0.000164
0.004390
-0.002693
542.225891
159.732758
175.712784
177.193237
0.005975
-0.006886
-0.000535
-0.007046
-0.003383
106.583710
-0.002001
0.007020
-0.000623
734.799438
-0.004691
0.001669
0.002056
415.405579
-0.000096
179.793884
322.976746
-0.001758
0.000690
0.000510
363.968262
131.041855
34.413391
-0.001423
-0.000655
-0.001453
0.001627
1224.195068
159.288300
0.002318
49.922100
788.186462
-0.003179
260.551056
-0.001700
94.549217
633.180542
0.000875
45.410110
910.154846
192.062424
-0.006032
611.265625
-0.006120
-0.004986
-0.002238
0.001182
0.008261
183.353592
850.996460
613.268860
-0.001238
-0.000380
339.551788
-0.002668
-0.006606
198.205536
621.184204
-0.005714
333.205902
124.727531
144.199356
-0.002477
113.992188
0.003265
1027.525146
204.522705
891.495483
0.001043
827.149292
0.000982
804.073242
-0.002858
151.666840
374.623932
167.199387
86.113708
0.000203
-0.002813
321.021149
636.125977
-0.004761
243.467178
-0.005104
140.826859
198.165512
-0.008045
-0.003119
-0.013040
-0.001023
475.872040
0.002043
1000.610474
0.000000
86.981850
0.004954
-0.001915
0.002547
197.141403
305.114441
824.295349
1416.127197
-0.001695
0.002090
52.160217
-0.002384
429.157928
-0.000835
0.006220
84.260910
88.031166
424.923248
-0.002824
0.002829
0.005809
-0.003095
138.792282
-0.005081
-0.000416
-0.000705
-0.003243
121.747604
0.008614
169.271881
208.039948
-0.001983
0.001286
-0.002018
519.020020
156.012924
-0.006477
295.249542
-0.003567
91.086510
416.480591
-0.001567
43.986122
72.130692
-0.007125
0.001219
815.920837
-0.000076
667.147705
0.001391
124.609543
-0.000257
0.002615
-0.004484
105.811340
285.067200
30.831720
664.005432
1158.497070
-0.002613
-0.000605
150.599594
102.024292
181.834991
-0.004438
423.928680
37.636505
0.008741
270.541718
46.727367
290.469574
-0.002124
498.986511
0.002435
401.471008
0.004011
265.912445
187.538391
270.272736
109.148224
1387.443604
408.430084
0.000343
41.390118
-0.000925
-0.007925
0.006395
1211.621216
352.086304
556.786499
0.001194
55.932693
-0.004325
-0.000688
-0.001859
320.020630
0.006375
-0.009576
731.470581
357.065613
699.136230
504.778442
211.434357
319.157288
156.696472
-0.002766
17.772753
-0.001608
-0.004487
48.744709
636.494324
1005.501343
-0.003407
-0.006005
637.082764
-0.000897
285.985657
-0.000715
258.364594
-0.007988
62.319572
569.150635
406.720184
0.004276
0.000049
0.004987
535.931396
1292.569946
-0.008929
-0.004404
-0.001732
0.000787
304.200531
0.000817
0.001790
186.354630
420.479370
894.504517
227.157349
1026.302124
909.047791
221.361359
265.799103
-0.001341
0.003616
1187.403076
-0.001471
-0.009999
0.003974
-0.006592
515.015015
96.541512
756.733826
0.000161
986.744019
-0.001555
109.965874
387.424835
111.144997
-0.000812
70.124527
332.019836
709.256226
525.451599
0.009494
377.627869
991.638367
0.000251
659.054504
593.562988
431.593842
1358.305786
361.577850
-0.000727
-0.010455
0.003256
0.008868
118.678169
-0.002085
0.000006
164.673386
1004.844910
0.001260
70.478981
780.850769
424.335693
-0.000920
0.000901
214.470612
0.000947
0.006934
-0.001533
242.764328
0.001029
-0.000001
491.442291
0.000065
794.070801
455.153320
0.001223
-0.002144
-0.001756
896.728271
208.643372
141.497498
722.342957
274.495026
252.255615
-0.000524
1118.293701
171.708221
-0.008631
324.340149
643.763611
404.956696
544.101746
0.001422
118.346786
69.082115
209.256546
402.874359
185.677673
76.003487
-0.007024
0.000940
0.005539
987.739868
234.694214
92.671700
291.725769
-0.003025
-0.000438
436.900024
-0.002431
-0.000238
0.000000
762.424255
0.000000
569.437744
-0.000767
-0.002488
144.284515
-0.001502
-0.004662
353.231873
50.092327
412.101410
-0.003775
-0.001726
633.109680
0.000979
213.509506
43.044334
153.244370
146.184006
127.932426
1010.053467
860.416504
124.976433
0.000441
542.984924
-0.008939
570.350525
212.084091
120.985550
39.200569
368.988129
225.869125
166.199173
161.227753
141.254745
950.079102
66.290665
530.520996
199.542877
430.385193
305.166260
272.321411
679.136475
30.727709
1016.208862
718.996887
-0.001154
952.464417
564.986511
0.002159
111.714279
424.846222
197.892685
-0.000065
1067.608032
67.963196
0.000558
0.003311
0.001719
-0.002344
266.010559
218.409821
691.503113
-0.000278
0.001623
85.332108
223.547012
0.001054
715.314270
-0.000995
112.913719
0.000452
57.743706
0.000000
133.627258
411.242828
406.589996
38.225449
985.418884
-0.003359
436.029755
140.382660
812.771973
201.178146
112.623291
0.000481
