10
300
0.248425
-0.294985
0.034763
0.153465
0.044803
0.262307
0.026749
-0.295345
0.067673
-0.893476
-0.205963
-0.232997
-0.025096
-0.009183
-0.249597
-0.081456
-0.929575
-0.042045
-0.454402
-0.550405
-0.661270
-0.150669
0.646882
0.568999
0.178127
-0.278181
-0.319678
0.062710
-0.167686
0.467300
-0.026909
0.193333
0.124395
-1.082469
0.037216
-0.441884
0.245970
-0.040207
0.002500
-0.012806
0.795675
0.008970
0.074323
-0.092988
-0.018766
-0.009599
0.683967
0.693620
-0.259068
0.554540
0.033271
-0.024521
0.476353
-0.339434
-0.193030
-0.091471
0.149283
0.791815
0.039516
-0.196418
-0.051644
-0.897832
-1.237724
-0.479045
0.115636
-0.028339
0.074185
-0.690474
0.450951
-0.211850
-0.717956
-0.098784
0.323300
-0.015149
0.288799
0.007579
0.058030
0.152751
0.289029
0.166240
0.031897
-0.033018
0.062380
-0.006072
0.821756
0.282657
0.532263
-0.326458
0.139147
0.093986
0.807476
-0.017047
0.119037
-0.084057
0.023942
0.001314
-0.367423
-0.719415
0.664971
-0.720458
0.314725
-0.123610
-0.759946
-0.183091
0.038528
-0.967058
-1.513440
0.146580
0.343856
0.241761
0.833774
-0.018261
-0.030180
-0.703555
0.114130
-0.038687
-0.408573
0.077008
0.025129
-0.283449
0.656636
-0.461163
0.068034
-0.027921
-0.146675
-0.067322
0.018470
-0.422689
0.048774
-0.434224
-0.973223
0.002083
0.811317
0.321726
-0.549966
0.022814
-0.357406
-1.019705
-0.025056
-0.034384
0.030270
0.205554
-0.908516
0.020502
0.013891
-0.306115
-0.829437
-0.029813
0.024063
-0.038446
-0.492630
-0.221823
0.021415
-0.017683
0.921508
0.163302
-0.258964
-0.078178
-0.041818
-0.564324
-0.689570
-0.045856
-0.235523
-1.573260
0.055953
-0.235692
-0.436376
-0.388372
-0.018730
-0.066427
0.358826
-0.440390
0.020289
-0.304395
-0.030958
-0.217164
0.013805
-0.075496
-0.408816
-0.001225
0.780017
-0.528103
-0.309123
-0.186972
-0.244312
0.005594
-0.181754
-0.031353
-0.013063
0.125165
-0.356693
0.156572
0.308234
0.081779
0.341531
0.001278
0.120252
0.051087
-0.074142
-0.170264
-0.408041
0.043163
-0.333008
0.060175
-0.034756
0.216538
0.131303
-0.375252
-0.042657
-0.444457
0.005488
0.295839
-0.638651
-0.547629
-0.068515
0.915248
-0.121476
0.403324
1.043502
-0.211703
-1.427174
0.287526
0.072696
-0.007517
0.029733
-0.172551
-0.575030
-0.021977
-0.078500
0.027722
0.260383
-0.021188
0.275075
-0.703444
-0.127740
0.333838
-0.432961
0.291123
-0.658072
0.237749
0.656440
-0.442610
-0.403826
-0.496375
-0.878627
-0.007981
-0.340663
0.005699
1.048417
0.294957
0.484478
-0.320123
0.045020
0.017503
-0.036682
-0.048320
-0.313598
0.034927
-0.016019
-0.354127
-0.109999
0.544561
-0.040233
0.483495
-0.021492
-0.010891
-0.581746
-0.129378
-0.111903
-0.684937
-0.546477
0.192271
-0.926550
-0.092866
0.026028
0.492262
-0.000263
0.030305
-0.107089
0.475754
0.254810
-0.726259
-0.022918
-0.383317
-0.013733
-0.037070
-0.049117
0.481017
0.036680
0.017879
0.377114
0.100804
0.323316
-0.089261
0.020247
1.023326
0.429367
-0.054587
-0.454255
0.163245
-0.335763
-0.081594
-0.008119
0.019992
-0.024919
-0.226492
-0.106035
0.029514
-0.079305
0.280121
-0.071979
-0.088481
0.012802
0.032801
0.440742
-0.043032
0.181635
-0.089150
0.143710
-0.067373
-0.290206
0.105316
0.292014
-0.200869
-0.089513
-0.231377
-0.185610
0.429398
0.477047
0.186591
0.121378
0.241178
0.392153
-0.549864
-0.077242
0.117459
-0.100640
0.307216
0.011423
0.083132
0.255595
0.009122
-0.106788
-0.312268
0.042199
-0.057383
0.020218
0.180681
-0.114409
0.121104
-0.033782
-0.034469
-0.150079
0.206779
0.439518
0.023596
-0.099238
-0.120050
0.005512
0.144224
0.022742
0.141633
-0.706889
0.010895
0.001660
-0.035812
0.180035
0.035310
0.169984
-0.220898
0.166183
-0.045159
0.383765
-0.004403
0.233561
0.003970
0.088752
0.164759
-0.225857
0.248591
0.032056
-0.008118
0.089215
-0.010052
0.203234
-0.279400
0.191273
-0.244471
0.542766
0.279746
0.248921
-0.010128
-0.238640
0.121765
0.015013
0.028304
-0.188943
0.038649
0.296372
-0.097199
0.384548
-0.457286
-0.410295
0.400927
-0.127102
-0.512016
0.018544
-0.063922
0.472502
0.138201
-0.106798
-0.226104
-0.032521
-0.359678
-0.176207
0.030501
-0.225809
0.089658
-0.033977
0.266722
0.126285
0.017101
0.146429
-0.166774
0.110461
-0.015070
0.000923
0.681745
0.014611
0.398364
0.108936
0.044211
-0.556986
0.400189
-0.178778
-0.026613
-0.268181
-0.665201
-0.093035
0.023673
0.044826
-0.132615
-0.356100
0.227670
-0.070783
-0.310918
-0.060137
0.041207
-0.003973
-0.220476
0.117998
0.348396
0.185165
-0.034573
0.187160
0.352785
0.207543
0.003794
-0.043471
-0.443765
0.296754
-0.086470
-0.271873
-0.178045
0.101559
-0.127329
0.047319
-0.578356
0.021361
-0.001681
0.265139
-0.038420
0.215428
-0.091189
0.023594
-0.344328
0.040194
-0.141042
-0.265827
-0.016090
0.317352
-0.066687
-0.095479
-0.019932
-0.005127
-0.268734
-0.111077
0.027762
-0.028353
0.092251
-0.037144
0.306589
0.163565
0.152272
0.437723
-0.032464
-0.114415
-0.041611
0.110515
0.163921
0.176582
-0.049706
-0.200137
-0.176966
-0.009324
0.170774
0.036553
-0.204104
-0.049013
0.815351
-0.056433
-0.195370
0.048297
-0.517649
0.486804
-0.060028
0.089124
0.172872
0.121583
0.256268
-0.048295
0.114350
-0.022045
0.006304
0.038518
0.057652
-0.137834
-0.068818
0.371046
-0.007154
0.047517
-0.031875
0.341311
0.069192
-0.011158
0.465438
-0.367557
-0.173015
-0.231543
-0.437937
0.094062
-0.065116
-0.202059
0.378926
0.117705
-0.464053
0.205952
-0.047684
0.029069
-0.149763
0.158954
0.077288
-0.050996
-0.058846
0.081050
-0.173041
0.037147
-0.042097
-0.026498
-0.278457
-0.124500
-0.023340
-0.028454
-0.206901
0.018242
-0.022704
-0.033574
-0.152140
-0.254872
0.230082
0.078098
-0.148777
-0.273740
0.130323
0.021503
0.187271
-0.006652
0.189551
0.202771
-0.210518
0.295034
-0.440449
0.468399
-0.359021
0.074957
0.031899
-0.319969
-0.194776
0.173496
0.372450
0.307038
-0.133201
0.206063
-0.148681
-0.010858
-0.151317
0.050949
-0.004230
0.449178
-0.332696
0.284711
0.370807
-0.041013
0.120552
-0.000612
-0.129250
0.164456
0.443290
-0.082757
-0.055206
0.058071
-0.245585
-0.022167
-0.005641
0.194854
-0.262184
-0.352970
-0.090777
0.058606
0.295226
-0.283492
-0.365962
0.196212
0.121932
0.291978
0.032126
-0.250208
-0.031810
0.001141
0.049013
-0.176750
0.316891
-0.247528
-0.596473
-0.013982
0.497748
-0.076406
-0.142924
0.051558
0.020130
0.385998
-0.034565
0.269013
0.087539
0.011354
-0.018792
0.089924
-0.026671
-0.005348
0.033862
0.432822
-0.004395
-0.210835
0.055517
0.285706
-0.082681
0.078440
0.075828
0.002941
-0.335790
-0.197382
0.034211
0.144859
0.256911
0.130130
-0.020483
0.388582
-0.130717
-0.052623
0.036839
-0.157993
0.002120
0.167204
0.003725
-0.017706
-0.009378
0.038180
-0.104224
-0.028209
0.139771
-0.044465
-0.039316
-0.230929
-0.031050
0.238427
0.245226
0.334729
-0.243786
0.020718
0.116568
0.167547
0.023883
-0.039648
-0.114802
0.122521
-0.009766
-0.189526
-0.166201
0.528891
0.016106
-0.054861
0.003216
-0.228286
-0.108646
0.063648
-0.087053
0.307614
0.121979
-0.022199
-0.083320
-0.065362
0.054918
0.027993
-0.205041
-0.139070
-0.015830
0.039544
-0.195108
-0.025620
-0.028190
0.091088
-0.067053
0.312169
0.112682
-0.213332
-0.026922
0.006604
-0.232318
0.033458
0.139752
0.391301
0.006929
-0.130862
0.095083
0.050110
0.094510
-0.427406
-0.077252
-0.033903
0.038518
0.015311
-0.045021
0.246328
0.168847
-0.021306
0.088851
0.084479
0.005266
-0.009320
-0.259931
-0.257948
0.478949
0.116969
-0.030447
0.425731
0.273101
-0.118654
-0.133367
0.015905
0.037815
-0.289822
-0.170454
-0.159083
0.147486
0.030367
0.065353
0.412039
0.091287
0.021287
-0.069516
0.280437
-0.214876
-0.027467
-0.241293
0.025313
-0.096001
-0.034991
-0.076944
0.134564
0.004230
0.099590
-0.082792
-0.198457
-0.059638
-0.268627
-0.027980
0.363312
0.001633
-0.014273
0.194528
-0.410702
0.311687
0.399855
0.088527
-0.096071
0.010337
-0.181440
0.135044
-0.212058
0.514931
-0.178922
-0.013511
-0.212705
-0.110093
0.035807
-0.205638
-0.157512
-0.111816
0.042906
-0.269797
-0.076091
0.019860
-0.801422
0.159534
0.213358
0.122210
0.025756
-0.301094
0.133238
-0.446458
0.108677
0.315063
-0.046992
-0.012937
0.045043
-0.085363
0.064616
-0.083581
-0.091326
-0.050105
0.237538
-0.021711
0.514339
0.230200
0.015116
0.231878
0.198597
0.011525
-0.128565
0.044760
-0.038602
-0.107060
0.400811
-0.180235
0.172223
-0.315367
0.527338
-0.008812
0.187097
0.180042
-0.051581
-0.203834
0.039823
0.009864
0.003097
-0.182569
-0.014055
-0.011164
0.034952
0.165649
-0.111091
-0.034608
0.054294
-0.211185
0.041915
-0.114307
-0.111843
-0.060650
0.106328
-0.093730
0.140573
-0.072327
0.425179
0.078918
-0.012488
0.082693
-0.022831
-0.064995
-0.127639
-0.074445
0.094228
-0.092813
-0.100648
0.158511
-0.010699
-0.003261
-0.064817
0.094198
0.348494
0.207708
0.005017
0.118829
0.346991
-0.079977
-0.000448
0.169862
0.157409
-0.094799
-0.045963
0.010505
0.065888
0.477342
0.188313
-0.264734
0.034765
0.010871
0.078097
0.375240
-0.068276
0.046408
0.014957
0.099388
-0.032898
0.039858
-0.194274
0.059880
0.052345
0.014476
-0.037700
0.319604
0.061908
-0.460276
-0.235596
-0.017343
0.006616
0.021633
0.209947
-0.300285
0.034135
-0.045623
0.275468
-0.173633
0.417663
-0.007762
0.020561
0.516804
0.195691
0.374481
-0.009768
0.131822
-0.119440
0.042275
0.110459
0.107309
0.033839
-0.012754
-0.307179
-0.075202
0.002814
-0.056106
-0.067145
0.012264
-0.180873
0.075445
0.038890
0.002432
0.018595
-0.086215
0.010545
0.462328
-0.063360
0.234698
0.013863
0.593133
-0.103026
0.039641
-0.062239
-0.679883
0.322380
-0.074402
0.150711
-0.012166
-0.194446
0.045542
-0.117765
0.041886
-0.159390
-0.007137
0.264395
-0.247562
0.021898
-0.038827
-0.254404
-0.052959
-0.347129
-0.099513
0.023326
0.599902
0.084302
0.034606
-0.266311
-0.020691
0.312185
-0.179337
-0.252968
-0.097829
0.460714
0.221003
-0.077935
0.221301
0.126946
-0.125151
0.026538
-0.319209
-0.057073
0.219318
0.311353
0.104633
0.005197
-0.347662
-0.219063
-0.183719
-0.035960
0.270313
-0.366129
-0.001628
0.112230
-0.259034
-0.037698
0.109608
-0.182768
0.214960
-0.077961
0.135039
-0.182377
0.174471
-0.039251
-0.121031
-0.050202
0.418526
0.226913
-0.007739
0.184495
-0.061752
0.038710
-0.077467
0.132400
0.046321
-0.098177
-0.040073
-0.020352
0.062596
0.669563
0.082150
-0.071576
-0.092917
0.356428
-0.043446
0.045864
-0.276087
0.104091
0.476399
-0.099304
0.240910
-0.058313
0.055193
-0.186845
0.221749
0.021121
0.303027
0.058852
-0.009991
0.113399
0.316351
0.261513
-0.022953
0.265539
0.177033
-0.043558
0.100946
-0.024495
-0.310652
-0.067657
-0.036941
-0.023357
-0.387800
-0.017139
-0.145208
0.271906
0.025185
-0.037143
-0.241028
-0.489395
-0.164465
0.037679
-0.176844
0.140392
-0.001519
0.138163
0.127131
-0.357468
-0.320110
0.155635
-0.289671
-0.278164
-0.049475
-0.001430
-0.108889
0.012733
0.026508
0.160721
0.039724
0.100665
0.096908
-0.041565
-0.364341
-0.135822
0.512406
-0.023952
0.086508
-0.071034
-0.045524
0.241420
0.044299
-0.017493
-0.021604
0.060009
-0.123507
-0.328671
-0.054995
-0.562134
-0.038404
0.213494
-0.042123
0.031865
-0.332516
0.285610
-0.139644
-0.132526
0.089595
0.131321
0.000248
-0.201753
0.403645
0.147812
-0.441115
0.077633
0.227611
0.145902
0.013618
0.000093
-0.041269
0.273415
0.019049
0.215736
0.283822
-0.078909
0.018678
-0.041156
0.063385
0.102253
0.280667
0.000464
-0.061466
0.001389
0.302963
-0.100914
-0.062895
0.043046
0.070847
-0.091162
0.164982
0.051439
-0.135698
0.014615
-0.126683
0.090782
-0.129525
0.406588
0.202120
0.441190
0.011307
0.303646
-0.056987
0.024425
-0.038678
-0.032885
0.090330
-0.014514
-0.027690
-0.076783
0.517242
0.090389
0.034080
-0.028439
0.027156
-0.075903
0.191755
0.184352
-0.266930
-0.180835
0.241642
-0.176452
0.040996
-0.063203
0.254594
0.023447
-0.095071
0.111371
0.172616
-0.146784
-0.537743
0.010186
0.175874
-0.022106
0.353842
-0.247226
-0.170007
0.327908
-0.049166
-0.106417
-0.249424
0.022950
0.012145
0.182900
0.346223
-0.107399
0.013954
0.237912
-0.470835
0.153894
0.817022
0.377688
0.095345
-0.207513
0.222942
-0.145454
0.606769
-0.369901
0.092360
-0.170713
0.036731
-0.090163
0.474251
0.082395
-0.600790
-0.030666
-0.046223
0.042828
0.004952
-0.129417
0.043288
-0.078839
-0.185030
0.006849
-0.096778
0.341446
-0.157138
-0.089578
0.033181
-0.049870
-0.022013
0.191131
-0.111571
-0.022778
-0.053428
-0.029835
-0.289846
0.038627
-0.373208
-0.170410
-0.582278
0.019272
-0.244407
0.142221
0.002867
-0.336568
0.786779
-0.243511
0.068385
-0.145017
0.004325
0.144128
-0.029115
-0.006402
0.005707
0.072957
-0.105668
-0.168802
-0.140332
0.017657
0.037250
0.456360
0.016049
-0.035918
0.247470
0.211334
-0.317634
-0.010313
-0.092695
0.125166
-0.019543
-0.227720
0.260392
0.019081
-0.049551
-0.145089
0.044753
0.200341
-0.395507
0.079412
0.216626
0.180280
0.659175
-0.033431
-0.002613
-0.236910
-0.276425
-0.072657
0.050156
-0.200250
-0.073540
0.006829
-0.143018
0.133045
-0.032265
-0.154428
0.198095
-0.025259
-0.402709
0.026474
-0.414011
-0.281412
-0.225015
0.413122
-0.113968
-0.003766
0.390255
0.000469
-0.061385
-0.364480
-0.032259
0.140921
0.327492
0.153486
0.002969
-0.315441
-0.097949
0.046173
-0.025159
-0.031043
-0.095328
-0.571496
0.097663
-0.078380
0.011958
-0.159548
-0.005861
-0.015956
0.307954
-0.093557
-0.189314
-0.128021
0.079863
-0.306158
0.113154
0.374747
-0.188665
-0.007921
-0.139331
-0.031852
-0.138119
0.146337
-0.094568
-0.372469
0.236324
-0.349968
-0.466674
-0.043189
-0.028309
0.046968
0.144601
0.291381
0.051704
-0.001270
0.413385
-0.007812
-0.028042
-0.201581
-0.027120
-0.237132
0.073145
0.217739
0.230888
-0.339013
0.180226
0.015815
0.026394
-0.079212
-0.245309
0.408990
0.163338
-0.380241
-0.132248
0.184347
-0.005301
-0.025120
-0.056139
0.190527
-0.169486
-0.159605
-0.044202
0.241326
-0.154856
-0.024290
0.393326
0.261920
-0.409049
0.040959
0.076637
0.087892
-0.068774
0.394505
-0.055491
-0.115554
-0.436106
-0.102400
0.023259
0.245366
0.370726
0.543316
0.037391
-0.004111
0.033445
0.032358
0.250718
-0.040917
0.415103
0.066841
0.160766
-0.063001
0.019368
0.341134
-0.004073
0.254646
0.055023
-0.097927
0.086803
0.100644
-0.167920
0.091015
0.082539
-0.422785
0.154235
0.090182
-0.053418
-0.334436
0.024656
-0.287761
0.005679
-0.085113
-0.395485
0.046638
-0.056069
-0.049357
-0.089459
-0.045251
0.324823
-0.018170
-0.078938
0.176425
-0.301301
0.159304
0.144421
0.026732
0.021329
0.203638
0.137421
-0.180127
0.073894
-0.195443
0.005680
-0.456693
-0.157393
-0.003670
0.392697
0.046021
0.022097
-0.092576
0.326508
-0.094615
-0.311083
-0.012726
0.038182
0.014145
0.044036
0.249041
-0.136805
-0.166609
-0.080330
0.015453
-0.363697
0.131135
0.310893
-0.019918
-0.148161
-0.197834
-0.063295
0.023011
-0.174529
0.037806
-0.248197
0.102854
0.050201
0.013554
0.615294
0.087687
-0.117314
-0.011238
-0.094025
-0.218434
0.170106
0.056980
0.008524
0.002798
0.313735
-0.105758
0.025534
-0.088779
0.167671
0.025259
-0.104930
0.061587
0.228927
-0.189407
-0.219685
-0.041060
-0.177107
0.283463
-0.131022
0.209406
0.029557
0.065400
0.543646
-0.074801
0.278756
-0.008628
0.021829
0.014299
0.072891
-0.423440
0.039617
-0.052305
0.102919
0.048266
-0.001330
-0.212592
-0.521936
-0.409037
0.023497
-0.050146
0.012150
-0.046901
-0.106199
-0.474231
0.033575
0.130653
-0.222271
0.002422
-0.028452
-0.236638
-0.180146
0.358620
0.361367
-0.120519
0.023805
-0.259093
-0.040535
0.121350
0.145017
0.097398
-0.209107
0.304599
0.032627
0.005561
-0.017463
-0.174116
0.005944
0.365159
-0.036437
-0.015671
0.011883
0.035421
-0.025175
-0.041752
-0.049492
0.083291
0.028266
-0.317950
-0.022877
0.242345
-0.007330
0.004315
0.111445
-0.240834
0.054712
0.020327
0.024817
-0.162555
-0.099722
0.072928
0.386716
0.188117
0.048538
-0.154995
0.164008
0.559601
-0.229033
-0.414642
0.161436
-0.212836
-0.210250
-0.004174
0.115944
-0.150579
-0.025067
0.041110
-0.308659
0.101524
0.081913
-0.364673
0.247488
-0.068025
-0.361646
-0.144121
0.003209
-0.037364
-0.012640
-0.010551
-0.234985
0.108359
-0.027742
0.457772
0.029030
0.392455
-0.025953
-0.066337
-0.255261
0.059592
0.022400
-0.028459
-0.150448
0.140723
-0.243844
-0.046859
0.238351
0.343311
0.043452
0.044980
-0.098700
-0.082671
-0.119946
-0.086704
-0.092237
-0.377027
0.172151
-0.277623
-0.040832
0.018769
0.272550
0.187538
-0.063018
0.552511
-0.139362
0.094052
-0.329379
0.072859
0.353229
-0.011850
0.276899
-0.134019
-0.337680
-0.181140
-0.017862
0.019170
0.258070
-0.009916
0.001888
0.459047
-0.017237
-0.413704
0.130573
0.187462
0.218126
-0.045518
0.075348
-0.129952
0.000823
0.225896
-0.258273
-0.020557
-0.491011
-0.289896
-0.000668
-0.188485
-0.028356
-0.037702
0.018091
0.023208
-0.213817
-0.221436
0.036261
-0.021024
0.023882
-0.003873
0.122025
0.076812
-0.040990
0.048611
0.087995
-0.045006
-0.093104
0.067424
0.381544
0.062912
0.342123
0.207606
0.055111
-0.427590
0.256908
-0.723745
0.304708
0.004990
-0.008047
0.028166
0.049003
0.071395
0.019558
-0.011745
0.093540
-0.219422
0.027353
-0.153899
0.194771
-0.076102
-0.309928
0.003547
0.360840
0.074096
0.098460
0.391771
0.153340
-0.194767
0.290886
0.273425
0.235181
-0.454110
-0.000324
0.178586
-0.001514
-0.130832
0.233166
-0.007395
0.042511
-0.040428
0.414906
-0.295567
0.026360
-0.018404
0.195690
-0.199346
0.236274
0.065853
-0.090678
0.036408
0.145534
0.059849
0.408365
-0.147709
-0.415261
0.337090
0.254543
0.004169
-0.022424
-0.047585
0.132454
0.004821
-0.104034
-0.097637
0.106204
-0.223125
-0.036058
-0.137989
0.153185
0.015089
0.011030
0.625076
-0.016176
-0.009025
-0.237815
-0.188054
0.162873
-0.163806
0.032927
-0.039609
0.342584
-0.012100
0.034503
0.015555
0.043056
0.073919
0.259669
-0.056666
-0.108190
0.010776
-0.555129
-0.245466
-0.266733
-0.090667
-0.038559
-0.049478
0.134894
-0.033423
0.012077
0.072197
0.138611
0.690758
-0.013456
0.074257
-0.297905
0.607834
0.570906
-0.262659
-0.341761
-0.091081
0.400219
0.306578
0.344926
-0.230641
-0.248378
-0.150968
-0.457422
0.192166
0.651745
0.037520
-1.004068
0.005908
0.042332
-0.040361
-0.049282
-0.336376
0.000768
-0.095073
-0.315167
-0.035469
0.252970
-0.258187
0.209996
0.173988
-0.132633
0.234056
0.033107
-0.039646
0.274011
0.216579
-0.059339
0.022622
-0.057990
-0.049917
0.602036
0.262637
0.276046
-0.054823
-0.264220
-0.026106
0.031229
-0.393926
0.088283
0.032685
0.041185
0.194723
0.017878
-0.299807
-0.035332
-0.037402
-0.011722
-0.185430
-0.058000
-0.527888
-0.072090
0.006132
-0.051098
-0.171766
-0.023989
-0.373393
0.250751
-0.309472
0.538546
-0.024030
0.096095
-0.109470
0.001701
-0.028183
-0.164379
0.283691
-0.054457
-0.446492
-0.371987
-0.645289
0.221927
-0.410749
-0.157885
0.348185
-0.147320
-0.161574
0.416479
-0.339189
-0.427298
-0.126302
0.172999
0.024912
-0.154440
0.039091
0.198115
0.279761
-0.025389
0.251830
0.614693
-0.002504
0.160429
-0.018126
-0.283755
-0.363685
0.437006
0.523299
-0.235322
-0.048164
-0.274132
-0.001543
-0.181879
-0.043017
-0.048298
-0.618140
-0.044373
0.102370
-0.041334
0.765075
0.305067
-0.097369
0.027163
0.024322
-0.068878
-0.097356
0.065706
0.098154
0.333992
0.587697
0.020625
0.026011
-0.096860
0.167475
0.080821
0.143671
0.113600
-0.038346
-0.109208
0.484688
0.422219
-0.050639
0.529177
0.147984
0.220243
0.112245
0.071077
-0.412627
0.302656
-0.332804
-0.222710
-0.028187
0.041120
0.053752
-0.112853
0.346361
0.305028
-0.044034
0.090512
-0.005509
0.113934
-0.209208
0.016452
-0.019323
-0.134169
-0.149636
-0.319906
0.512973
0.408341
-0.102493
-0.003968
-0.072791
-0.234413
0.251465
0.118644
0.123553
-0.139220
-0.104997
-0.026024
-0.147879
-0.128167
0.117645
-0.359481
0.173269
0.000940
0.553309
-0.046220
-0.024178
-0.524967
-0.055659
0.310915
0.024403
0.022130
0.067959
-0.037049
0.619509
-0.213237
0.053338
-0.392416
0.067379
-0.032490
-0.525054
0.131296
1.356072
-0.316841
0.151643
-0.046551
-0.018515
0.371010
0.554893
-0.106078
-0.184902
-0.176828
0.194789
-0.038208
0.473642
-0.088695
-0.018176
-0.142816
-0.277382
-0.550040
0.063185
-0.206780
-0.483992
0.395306
0.300187
-0.179523
-0.270472
0.578124
-0.366038
-0.019817
-0.077617
-0.263738
-0.017737
0.143388
0.029587
-0.084805
0.077526
0.093765
0.230286
-0.028183
0.042936
-0.151221
0.134524
-0.077960
-0.029596
-0.077872
-0.040304
0.213720
-0.037594
-0.207256
-0.359332
0.045968
0.383214
-0.201967
0.003853
-0.058055
-0.039709
-0.148239
-0.032836
0.014254
-0.029611
-0.092044
-0.108744
0.625020
-0.125974
0.593598
0.004614
-0.017372
0.023677
0.399079
-0.125885
0.287321
0.268682
-0.372012
0.081634
-0.038446
-0.005540
-0.560679
-0.208177
-0.016678
0.019374
0.171563
0.497433
-0.095570
0.000282
0.179510
-0.046711
0.229497
-0.048308
-0.073085
0.067260
-0.144072
0.177975
0.114919
-0.033244
0.017719
-0.231712
0.153095
-0.213419
-0.043663
0.258733
0.069323
0.167550
0.069406
0.194218
-0.053197
-0.104394
-0.124777
-0.017490
-0.110779
0.046177
0.099546
-0.091099
0.042695
-0.079481
-0.096781
-0.003495
-0.036677
-0.105930
-0.186038
-0.026059
0.013429
0.120449
0.043268
-0.080373
0.389216
0.014893
-0.121408
0.135273
0.414995
0.088234
-0.202611
-0.239910
0.010772
0.320057
-0.122692
0.125157
0.103193
-0.123473
0.647392
-0.027559
-0.175667
0.191179
-0.242549
0.063496
-0.382811
0.149086
0.015330
0.515363
0.018599
-0.223162
0.044764
-0.121491
0.200356
-0.345807
-0.030592
-0.253278
-0.021503
0.260221
-0.016926
0.227918
-0.230333
0.028527
0.000565
0.012813
0.037227
0.017624
0.398237
-0.137802
-0.054999
-0.167393
-0.309431
0.123948
-0.039375
0.432935
0.001579
0.114683
-0.062172
0.383080
0.162396
0.298541
0.296267
0.197410
0.381927
-0.210746
-0.166388
0.226142
0.308079
-0.255294
0.378918
-0.237995
-0.076882
0.184990
0.538167
0.035566
-0.095945
0.408329
-0.014616
-0.069250
-0.201139
-0.053194
-0.100914
0.134296
-0.124300
0.249768
0.113796
-0.106382
0.019489
-0.002030
-0.049949
-0.028476
-0.134398
-0.299654
-0.030684
0.731630
-0.268027
-0.061727
0.037509
-0.037036
0.161378
-0.008375
0.000332
-0.008961
0.160997
0.274317
-0.192277
0.149737
0.024827
-0.581586
-0.004745
0.005818
0.412843
-0.148334
-0.274849
-0.160077
-0.093864
0.253918
-0.056819
0.178548
-0.089281
-0.024185
0.011906
-0.225043
-0.122946
0.034607
-0.082522
0.270066
0.115460
0.019777
-0.086095
-0.033042
-0.195100
0.181909
0.056561
0.049638
0.227995
0.029958
0.048079
-0.003214
0.142909
-0.203928
-0.002803
0.114733
0.022006
0.131513
0.296384
0.264517
0.055712
-0.090335
-0.012461
-0.152552
0.496150
-0.049320
0.139547
0.233766
0.219107
0.109765
-0.034772
0.395435
-0.022918
-0.091356
0.070922
-0.383629
0.034873
-0.186395
0.368415
0.029218
0.349242
0.071539
-0.202668
0.045473
-0.241489
0.141238
0.431445
-0.203469
0.120076
-0.348533
0.176687
-0.236999
0.219012
0.298886
-0.165658
0.082099
-0.138668
-0.109610
0.013457
-0.005662
-0.193465
-0.374244
0.000626
-0.016716
-0.066235
-0.135705
0.002616
-0.262671
-0.521398
-0.027721
0.383202
0.528187
0.294249
-0.198123
0.288669
0.289351
-0.251792
0.151470
-0.206218
-0.280911
0.207851
-0.001218
-0.000434
-0.048598
0.136447
-0.054283
-0.002527
-0.021549
-0.074293
-0.075058
-0.142915
0.346981
-0.075229
0.014214
-0.180472
0.296099
0.052354
0.007332
0.536329
-0.007378
-0.027953
0.058967
0.150898
0.278233
-0.302953
-0.809167
0.217076
0.252306
0.031479
0.009991
0.270963
-0.041019
-0.033856
-0.051459
0.211309
0.413463
0.346094
-0.160814
-0.187764
0.037802
-0.028314
-0.316966
0.360283
-0.320752
-0.320574
-0.355803
0.151146
0.100572
0.015011
-0.058528
0.322971
-0.035232
0.074168
-0.257842
0.247492
-0.324468
-0.113778
-0.047669
-0.322850
-0.038531
-0.213400
-0.101255
0.254256
0.022757
0.455441
0.423339
0.012931
0.148822
0.022939
-0.161066
-0.257133
0.445659
0.192684
-0.067293
0.389761
0.092646
0.044469
-0.535739
0.046620
-0.155754
0.366319
0.047492
-0.420612
-0.293344
-0.361738
-0.061298
0.011519
-0.299994
-0.080387
0.051945
0.143003
-0.104362
-0.174688
-0.049063
-0.125650
-0.230543
-0.046935
-0.050733
0.059545
-0.024008
-0.098820
-0.290821
-0.214362
0.621987
-0.138389
0.066689
0.027180
-0.242246
0.269823
-0.048751
-0.202368
-0.086348
-0.406554
-0.008110
-0.259732
0.019598
0.462391
0.632810
0.061289
0.285904
0.028579
-0.025662
0.714574
-0.412515
0.377771
0.256796
-0.063690
-0.171540
-0.003259
-0.215688
0.006278
0.178820
-0.001534
-0.010890
0.065022
-0.035758
-0.004153
0.106038
0.076983
-0.238290
-0.383103
-0.641804
-0.029333
-0.207595
-0.098091
-0.817778
0.037907
-0.259516
0.096382
-0.025301
0.015367
0.508018
0.485320
-0.709033
0.283180
-0.540950
0.158167
0.484506
-0.002110
0.054064
0.178715
0.871054
0.288473
0.108450
-0.406541
-0.053922
0.711185
0.044034
0.583296
-0.059084
-0.021424
0.153340
-0.017344
0.024055
-0.432447
-0.222766
0.676372
-0.280330
0.165513
0.088637
-0.123132
-0.009408
-0.020103
0.045716
-0.092027
0.753317
0.038499
-0.535971
-0.222746
-0.330977
-0.019780
0.308684
1.234157
0.239025
0.033414
-0.023102
-0.036295
0.252117
0.136970
-0.038824
-0.323634
-0.077937
-0.038707
0.002424
0.545168
0.385028
-0.446468
0.374377
0.004482
-0.426496
-0.595489
-0.059416
0.058870
0.012454
0.178733
0.309536
-0.088874
-0.155844
0.641436
-0.214424
0.240552
-0.056075
0.177818
0.032119
-0.013965
-0.376953
0.753717
-0.244406
0.094594
0.030458
0.313272
-0.015615
0.342692
0.002166
0.033757
-0.341563
0.113763
0.260961
0.174304
0.218516
-0.184116
-0.280548
-0.060227
-0.108493
-0.299618
0.115229
-0.107034
-0.238771
0.283278
-0.323124
0.022215
-0.075562
0.142173
0.091647
0.147883
0.412696
0.049099
-0.153794
-0.167760
0.026460
0.216407
-0.195877
0.177911
0.023480
-0.409817
-0.022879
-0.109646
-0.430837
0.201638
-0.177401
-0.161569
0.045014
-0.486924
-0.364518
-0.227550
0.692589
-0.263446
0.013835
-0.006443
-0.009407
0.290920
-0.380638
0.109165
-0.024161
-0.045319
-0.262609
0.042730
-0.638420
0.063266
-0.020069
0.174671
0.277251
-0.540618
0.416573
0.423456
-0.206585
0.039852
0.445449
0.434503
0.716664
-0.345512
0.719030
0.011820
-0.569539
-0.048201
-0.198879
0.104257
0.003527
-0.099159
0.041390
-0.059439
0.433573
0.127547
0.015075
0.374073
0.080906
-0.391606
-0.005221
-0.113767
-0.000503
-0.045268
0.388733
-0.090350
0.110100
0.655981
-0.137063
-0.059878
0.288369
0.294421
-0.024242
-0.466636
0.044627
-0.060656
0.116914
-0.209831
-0.309245
0.212574
-0.208217
0.099650
0.013634
-0.037615
-0.332493
-0.421882
-0.287333
0.176016
-0.173937
-0.399510
-0.352283
-0.295840
0.015185
-0.591446
-0.070088
-0.082132
-0.130655
-0.179627
-0.338329
0.149941
0.007901
0.036611
-0.017827
-0.284666
0.360805
-0.105366
-0.054914
0.473638
0.035381
0.359152
-0.092591
-0.048261
-0.099148
-0.464165
0.248287
-0.029912
-0.112068
0.290908
0.053714
-0.568155
-0.731990
-0.337983
0.363928
-0.232519
0.364453
-0.410162
0.267759
-0.233371
0.062739
-0.288040
-0.472216
0.664735
-0.025049
0.623788
-0.098870
-0.106114
-0.035309
-0.073016
-0.345908
-0.047752
-0.007354
0.127112
-0.044665
0.197377
-0.443369
-0.463198
-0.093359
-0.119694
-0.349037
-0.024192
-0.101262
-0.128655
-0.383588
0.235369
-0.137517
-0.389477
-0.018595
0.225469
0.185685
0.830651
0.822671
0.193512
-0.432428
0.031134
-0.038092
-0.247122
-0.189370
-0.263625
0.190524
0.046450
-0.316696
-0.026013
0.069283
-0.031067
-0.116322
-0.128862
-0.176323
-0.073119
0.014133
-0.051133
-0.164215
-0.015396
-0.205675
-0.543351
-0.422507
0.105491
-0.005712
-0.147707
-0.562976
0.012061
-0.057550
0.011130
-0.053214
0.075676
0.106859
0.120054
-0.444431
0.136895
-0.193373
-0.332054
0.325213
-0.266046
0.030678
0.316496
0.353706
-0.206588
-0.178932
0.077248
-0.089826
-0.359176
-0.005789
0.269564
0.090339
0.021637
0.152942
-0.057181
-0.049513
0.569370
-0.213431
0.117998
0.338609
-0.238991
-0.313784
0.324966
0.001097
0.069790
-0.030645
0.012697
-0.143274
-0.005529
-0.464517
-0.577688
0.278171
0.028621
0.192392
0.281161
0.033906
-0.048401
0.030758
0.059661
0.416871
-0.146375
0.049624
0.278415
0.369525
-0.017906
0.005711
-0.281171
0.401144
-0.280072
-0.352830
0.015964
-0.296007
-0.486107
-0.179054
-0.209769
-0.012498
-0.257385
0.274428
0.445300
-0.078713
0.894967
0.069851
-0.351250
0.246715
0.843614
-0.047929
0.061296
-0.711481
0.420398
-0.246753
-0.042554
0.002005
-0.296848
0.021552
-0.229193
0.363115
0.033650
-0.317941
0.600421
0.335497
-0.170687
-0.167758
-0.145402
0.401897
0.074675
0.083552
-0.046082
0.351458
-0.215450
-0.439262
-0.216380
-0.177640
-0.043699
0.046934
-0.152939
-0.015650
-0.138668
0.362821
-0.010032
0.298077
0.090103
0.023288
-0.362717
-0.078304
0.342614
-0.003872
0.266786
0.011092
-0.256263
0.770385
0.402046
-0.052668
-0.505687
-0.194913
0.225404
-0.302666
0.102600
-0.073085
-0.273794
-0.112773
-0.003006
0.044390
-0.324303
0.659389
-0.090240
-0.009349
-0.148946
-0.190787
-0.014392
-0.531654
0.287967
-0.246256
-0.674474
0.019613
-0.021349
0.485045
-0.265277
-0.571481
0.238366
-0.235857
-0.284189
-0.137416
-0.076903
-0.131745
0.015653
-0.583235
-0.239465
-0.254569
0.008611
0.010785
0.223667
-0.064019
-0.113310
-0.218397
-0.131214
-0.037704
0.079280
-0.073388
-0.242447
-0.085628
-0.150748
0.077025
-0.051511
-0.090641
0.037065
0.114549
0.298006
0.346325
-0.227083
0.383646
-0.103575
-0.010526
-0.740269
-0.031575
-0.055517
0.106619
-0.504022
-0.294621
-0.045610
0.127320
-0.210610
-0.006345
0.010334
0.142374
-0.953639
0.068838
-0.247939
-0.187470
0.618943
-0.472283
0.433767
0.007708
-0.601400
-0.181625
0.135551
0.340102
-0.113467
