250
1
0.002203
0.259002
0.037557
0.085712
0.017833
-0.036217
0.091988
0.164765
0.084369
-0.018087
-0.007563
0.070662
0.139205
-0.147330
0.172933
-0.118476
-0.060843
-0.076946
-0.032217
-0.038674
0.063536
0.066647
0.036544
-0.012758
0.005311
-0.096879
0.029689
0.021809
-0.105589
0.032672
0.201110
0.130723
0.019023
-0.283977
0.031308
0.139657
0.036202
0.047458
-0.154640
0.077845
0.054118
0.105540
0.198830
0.024499
0.089729
0.208683
0.148100
0.075096
0.078542
0.153248
0.003355
0.094381
0.013665
0.136118
0.203239
0.232876
0.131277
0.097006
0.124153
0.150587
0.062326
0.024081
-0.084711
0.286609
0.117872
0.114535
0.171900
0.035634
0.226971
0.051254
-0.024085
0.169552
0.012540
0.049740
0.028833
0.071492
0.069511
0.113172
0.033358
-0.181048
0.220160
0.122433
0.186063
0.060758
0.156692
0.045607
0.059588
0.129306
0.097925
0.076445
0.072706
0.063584
0.017612
0.152983
0.099969
0.074027
-0.027009
-0.054411
-0.072043
0.229465
0.095493
0.059448
0.046755
0.183725
0.170979
-0.119457
0.068572
0.112807
0.058252
0.204576
0.207043
-0.037552
0.189544
0.131605
0.110930
0.329044
-0.009095
0.037778
-0.003498
0.048071
-0.121826
0.089484
0.143846
0.054102
0.166959
0.007252
-0.024008
-0.049264
0.065488
0.016189
0.030681
0.096694
0.149206
0.083163
0.117292
0.036561
-0.044531
0.017042
0.091650
0.002961
0.095632
0.078616
0.045154
-0.020619
0.071132
0.000333
0.198763
-0.003784
0.108790
-0.055890
0.028042
0.112284
0.097268
-0.000830
0.248123
-0.023542
0.278799
-0.105186
-0.147808
0.161808
-0.040564
0.217390
-0.048538
0.164263
0.154871
0.074074
-0.054986
0.204176
0.005022
-0.008424
0.105356
0.051905
0.028504
-0.002713
0.062007
0.092593
0.178900
0.020430
0.038157
-0.004154
0.105912
0.060214
-0.036670
0.116674
-0.114606
0.295780
0.125437
0.036569
0.202194
0.157826
-0.059343
0.015981
0.031457
0.014558
0.166970
-0.132960
0.033269
-0.041143
0.063422
0.047903
-0.123737
-0.030069
0.026816
0.146955
0.183274
0.104561
0.022065
0.133713
0.134261
-0.006362
-0.045483
-0.059195
0.064095
0.053182
-0.094701
0.005130
0.023246
-0.184958
0.094494
0.007259
0.118469
-0.058430
0.098024
0.003742
0.287456
0.058429
0.265815
-0.010544
0.185161
0.173894
-0.078477
0.269100
0.115498
0.121761
-0.064370
0.134431
0.158496
-0.006812
-0.002967
0.075442
0.104663
0.089952
0.043821
0.149336
0.053387
0.038504
0.059621
0.070964
0.206758
-0.217332
