250
1
0.035560
0.059315
-0.008306
0.114181
0.129681
0.004384
0.023448
0.142781
-0.189000
0.150802
0.073946
-0.166923
-0.001086
0.131391
-0.016926
0.086370
0.105551
0.201684
0.017961
0.226081
-0.102794
0.028993
-0.000486
0.306849
0.139422
0.329848
0.071665
0.010288
-0.004476
-0.002485
0.203994
-0.160298
0.110214
0.008588
-0.010487
-0.021773
0.078544
0.036000
0.267740
0.115703
-0.033158
0.205982
0.027151
-0.036213
-0.015611
-0.073346
0.057885
0.136620
-0.029123
0.072011
0.027557
0.098785
0.037274
0.068601
0.101714
-0.012262
0.262659
0.092704
0.088478
-0.005052
0.166261
0.184155
0.092817
0.155517
0.154247
0.227063
0.180941
0.012276
-0.000844
0.062431
0.224831
0.017363
-0.088904
0.134592
0.053314
-0.091077
0.083682
0.066742
-0.006658
0.210390
0.068263
0.050933
0.234925
0.186344
0.046842
0.255247
-0.008826
0.081776
0.244113
-0.089517
0.041267
0.125770
0.113155
0.003698
0.108872
0.007087
0.072457
-0.054748
0.158326
-0.082178
0.035469
0.061381
0.012391
0.101664
0.005562
0.307355
-0.152058
0.249431
0.192106
0.092074
-0.011323
0.054360
0.105914
-0.010418
0.122533
0.066005
0.092043
0.005462
0.182789
0.059984
0.199889
0.021072
0.028228
0.043444
0.090447
0.052801
-0.093776
0.091578
0.053425
0.118621
0.011928
0.059918
0.015674
0.028608
0.105044
0.065046
0.028115
-0.000979
0.127855
-0.010692
0.090635
0.003392
0.014012
0.247062
-0.000953
-0.001865
0.074878
0.244107
0.136856
-0.036496
-0.053031
0.090784
0.300696
0.059638
0.038641
-0.007838
0.258560
-0.021828
0.110660
0.082697
0.017777
0.052818
0.055953
0.123058
0.160794
0.031992
0.149169
0.098493
0.545205
0.087747
0.100040
0.093019
0.001872
0.052051
0.027610
0.016517
0.000043
0.001415
-0.046856
0.005212
-0.004944
0.080885
0.170379
0.167029
0.361638
0.169736
0.123775
0.061050
0.048825
0.067053
0.009332
0.037259
0.075622
0.101760
-0.001799
0.056627
0.119221
0.203077
0.037810
0.051377
-0.038398
0.000069
-0.165134
0.064659
-0.009565
0.236961
0.211179
0.085543
0.076738
-0.001323
-0.065708
0.019163
0.098317
0.200242
0.100718
0.113061
0.087787
0.008246
0.065813
-0.026570
0.061816
0.108687
-0.008422
-0.021381
-0.045518
-0.006832
0.187201
0.238258
0.021840
0.078926
0.077501
0.162460
0.009026
0.009489
0.215807
0.150653
0.060683
0.078646
-0.102045
0.131970
0.126879
-0.005774
0.212190
-0.007680
0.047156
0.274726
0.075773
0.204762
0.004433
0.054027
