10
250
1.101753
-0.148212
0.069943
-0.005471
-0.225263
0.416092
-0.569970
0.290339
-1.081368
-0.253749
0.038608
-0.081018
-0.190614
0.260466
0.241175
0.028335
0.141679
0.906982
-0.227549
-1.015412
-0.526325
-0.435307
0.855564
0.102317
-0.565768
0.650841
0.083547
-0.060742
-0.129774
0.500993
-0.878951
-0.507928
-0.517321
-0.152516
-0.021875
-0.487589
-0.613691
0.642181
0.772940
-0.404566
-0.160023
-0.824767
0.185817
-0.218296
-0.830325
-0.104471
-0.029711
0.129206
0.610359
0.212382
-0.007117
0.036142
-0.595886
-0.444709
-0.312547
-0.264126
1.165906
-0.114611
1.823990
0.016930
0.192360
0.091859
-0.271569
0.152940
-0.817167
-0.343679
-1.059864
0.161393
-0.149346
0.205704
-0.140551
-0.082112
0.877644
0.438464
0.042839
1.285277
-0.118639
0.479618
0.151900
-0.548684
-1.428354
-0.003529
-0.250145
-0.279711
0.269561
-1.561008
-0.834580
0.231603
1.338844
-0.402086
0.279143
0.186560
0.162018
0.494299
0.310260
0.208863
0.540423
-0.833831
0.276376
1.293543
-0.318240
-0.211587
1.289409
-0.351274
0.971029
-1.163723
-1.486172
0.400334
-0.588735
0.365283
-0.813754
0.859658
0.234175
0.224852
-0.692363
-0.819572
1.504363
0.064965
0.145551
0.684096
-0.157387
-1.250486
-0.171754
-0.070515
-1.680675
0.264729
-0.281094
1.708431
-0.130489
-0.408193
0.011392
-0.070094
-0.880395
-0.312259
0.147959
0.371303
0.072713
-0.067706
-0.186976
0.132684
-0.379300
-0.008888
-0.738419
0.898619
-0.356187
1.035908
-0.371452
-0.884339
0.714171
-0.526208
-0.874120
-0.366232
-0.528362
-0.289461
0.202361
-0.047935
-0.388477
-0.141317
0.268118
0.595300
-0.003828
-1.124881
0.373037
0.066278
-0.158687
0.023854
-0.373295
-0.567087
-0.878406
-0.374933
0.449403
0.015508
-0.041272
0.727966
-1.577615
-0.028415
0.236885
0.110245
1.010522
-0.176240
-0.107856
0.225280
-0.020063
0.750883
-0.853418
-0.198286
0.200824
0.676432
-0.086407
-0.558698
0.197370
-0.000847
0.726095
-0.702296
0.024474
-0.915196
0.841285
-0.664833
-0.082320
1.364518
-0.067219
0.145921
-0.378853
-0.016190
0.429274
-0.431635
-0.657560
0.082556
-0.642307
0.008763
0.979210
0.178037
0.020447
0.212588
-0.236890
0.013954
-0.601118
0.241658
0.072425
-0.378903
-0.216204
1.329936
0.037938
0.022457
-0.029637
0.009290
-0.195084
1.366709
0.286281
-0.162736
-0.435181
0.164665
0.055719
-0.021960
0.203084
-0.631114
-0.890427
-1.187808
0.353668
0.016158
0.587976
-0.194722
-1.008968
-0.031362
-0.434679
-0.507313
-0.377061
-0.128521
-0.052236
-0.699232
-0.581730
-0.402941
0.220980
0.835257
-0.927239
-0.044226
-0.455880
0.616362
-0.575992
0.438477
0.852098
-0.969001
-0.075859
0.371032
-0.092432
-0.293216
0.541519
0.707432
-0.047053
1.405545
0.459063
-0.170415
-0.450512
-0.106778
0.989601
-1.085384
0.244766
0.157858
0.218914
-0.330494
0.992491
-0.670740
0.605995
-0.364862
-0.229732
0.025945
0.243739
-0.528718
-0.060407
-0.507638
-0.642286
0.867056
0.074886
-0.219373
-0.415387
-0.447473
-0.588200
-0.135589
-0.078027
0.038842
-0.256579
0.471407
0.187753
0.163213
0.375376
-0.084229
-0.551953
0.175960
-0.224753
-0.126868
-0.273576
0.914238
0.385016
0.994857
-0.324433
2.608036
0.597642
-0.257826
0.166376
0.180651
-0.061939
0.131872
-0.415289
-0.487998
-0.288944
-1.156873
-0.351352
-1.036410
0.192092
0.622886
1.779253
-0.865784
0.826858
1.079087
-0.103149
0.982757
-0.062092
-0.563623
-0.114112
-0.200277
-0.228783
0.203093
-0.355594
-0.370674
0.246942
0.022359
-0.487727
1.094782
-0.060413
-1.237733
-0.410829
0.516970
-0.003990
0.010265
-1.159660
0.806651
-0.582528
-0.167275
-0.293161
-0.104162
-0.297490
-0.620672
0.479774
0.132125
0.090939
1.145095
-0.474268
-0.096569
-0.224488
-0.679383
0.254513
0.462579
-0.027265
0.103429
1.189759
0.201015
-0.254722
-0.223344
-0.206829
1.011555
0.067030
0.170776
0.983141
-0.192694
-0.003151
0.005874
0.083519
0.212864
0.382016
0.195151
-0.125504
-0.097715
1.455081
-0.437074
-0.912511
-0.263027
-0.034982
1.160072
-0.418382
0.597160
0.081793
-0.365061
1.587006
-0.465637
-1.160007
-0.118045
0.765665
-0.053518
0.167270
-0.557909
-0.166332
0.185914
-0.420475
-0.417331
0.365228
-0.321441
0.142515
0.137313
1.476476
1.375724
0.567131
-0.271306
-0.002297
0.155359
-0.639183
-0.154580
0.084854
-0.008229
-1.385297
-0.683039
-1.292627
-0.241546
-0.269578
0.390415
0.664431
-0.148259
-0.625680
-0.915386
0.143030
0.290990
-0.041829
-0.228128
-0.236301
0.958082
-0.004620
0.163426
-0.118711
0.956860
0.053103
-0.612902
-0.250572
-0.061422
-0.663310
-0.798204
-0.754467
-0.164943
-0.583127
-0.287776
0.035606
0.151316
-0.471238
-0.444721
-0.143978
-0.246716
0.213396
-0.158539
0.302568
-0.283006
0.088653
-0.298150
0.359443
0.344197
-0.163417
0.440099
-0.050278
-1.163122
0.598627
0.390559
-0.128835
-0.115041
0.210651
-0.111734
-0.243969
-0.189245
-0.516540
0.722954
0.960979
1.244936
-0.819877
-0.130711
-0.614650
-0.209305
0.427096
0.165413
0.424643
0.007704
-0.233707
-0.027009
-0.060944
-0.290488
-1.146330
0.057601
-0.079802
-0.559939
0.002905
-0.499227
-0.313709
-0.448345
1.248415
-0.305151
0.673816
-0.906253
-0.174173
-0.170409
-0.038370
-0.214365
0.911162
0.821870
0.087644
-0.502362
0.736770
0.210971
-0.469163
0.655460
0.594711
1.187902
-0.180210
0.026425
0.201441
-0.281122
0.861131
0.132518
-0.483353
0.455787
0.184853
-0.326354
-0.585391
0.671110
0.176615
1.244066
-0.987553
0.616637
-0.059963
0.004119
-0.373529
-0.235949
-0.459568
-0.839238
-0.277803
-0.323315
0.046839
-0.316555
-0.360526
-0.739826
0.331847
-0.047894
-1.652120
0.088380
0.579615
0.230592
-0.700625
0.586997
-0.391126
0.635659
-0.283021
0.580346
-0.007997
-0.032877
-0.196867
-0.537330
0.968452
0.082007
-0.210175
-0.579204
-0.181065
0.343477
0.190815
-0.420047
-0.177024
1.504661
0.173077
-1.683942
0.953327
0.285398
-0.059568
2.192540
2.493172
0.145002
0.597048
-0.439619
-0.097512
0.637804
1.022340
-0.497723
-0.250010
0.177518
-0.373304
0.182939
0.259691
0.450388
0.037060
0.157464
-0.738376
-0.238013
-0.651760
-0.290873
-0.162411
0.547459
-0.622828
0.556336
2.006045
1.364450
0.097686
0.081140
-0.219624
-0.957411
-1.502714
0.158681
0.736386
-0.420433
-0.203883
0.072540
-0.550373
0.254179
0.253638
0.155029
-0.723525
0.719286
0.135789
0.269152
-0.077841
0.072925
-0.542207
0.078083
-0.229745
0.171369
-0.318890
0.123672
-0.449718
-0.203597
0.238310
-0.030781
-0.647549
-0.258731
0.947687
-0.634927
-0.942726
-0.443258
0.176525
0.426758
-1.049921
0.309038
-0.827760
1.005132
0.946003
-0.038281
0.236372
-0.166742
-0.731041
0.348503
-0.187587
0.011473
-0.193160
1.781161
0.123095
0.229148
0.239485
0.524534
-1.433982
-0.753728
-1.136551
-0.026197
0.243247
-0.709601
0.431531
-0.209507
-0.011153
-0.066945
-0.181394
-0.153576
-0.714265
-1.421151
0.603242
-0.395338
-1.071985
0.178993
-1.021199
0.112350
-0.062698
0.516558
-0.098941
-0.036620
-0.270377
0.711320
-0.186465
-0.285618
0.224127
0.146291
0.097359
-0.388029
-0.271614
-0.111725
-0.935438
0.116064
-0.840422
0.431901
0.202978
-0.244675
-1.552147
0.110418
0.054289
0.160110
0.678461
-0.374860
0.608846
0.192900
0.271325
-0.221280
0.179901
-0.016460
-0.262959
0.077964
0.101910
0.222596
-0.348764
0.111221
-0.273464
-0.079227
1.389939
0.294918
-0.474568
-0.121626
-0.170337
0.171877
0.004695
0.302290
1.201903
-1.207614
-0.992924
0.246216
-0.890587
0.332449
-0.419447
0.091244
-1.087892
1.191218
-0.402628
1.518189
-0.160300
0.018644
0.181066
0.192726
-0.203672
0.749030
0.481828
-0.100779
0.675796
0.239306
0.232561
0.677653
0.906325
-0.342464
0.112286
0.318429
-0.001815
0.231025
0.233485
0.357276
0.026680
0.867701
0.187189
-0.343069
0.107851
0.062890
-0.335521
0.577666
0.063571
-0.026533
-0.170922
0.065809
-1.904694
1.422424
-0.402313
-0.853508
0.028416
0.373458
-0.046449
0.238267
0.992716
0.076517
0.670807
0.823701
-0.431065
0.723363
-0.205813
1.207012
0.249508
0.663241
-0.167164
0.300091
-0.226197
0.585850
-0.660575
0.079855
0.096620
0.025515
-0.826068
0.409965
-0.990401
-0.003224
0.191317
-0.474679
-0.169533
0.193246
0.166094
-0.916269
-0.829916
0.075114
-0.103043
-0.617937
-0.274719
0.147780
-0.627945
-1.125342
-0.232554
0.131104
0.506715
-0.358944
0.123655
-0.984044
-0.645797
0.147944
-0.708246
-0.230517
0.022500
-0.627720
0.453708
-0.485485
-0.183953
-0.422898
0.315899
-0.546788
0.264439
-0.094469
-0.278223
0.115831
-0.258832
-1.244989
-0.505395
-1.104000
0.497843
0.216552
-0.480543
-0.578374
-1.532760
0.406684
2.040819
-0.219547
-0.906239
-0.191841
0.545484
0.668775
0.118211
0.054079
-0.360313
0.818783
-1.789790
-0.259808
0.820826
0.153096
0.530056
-0.459549
-0.646474
0.002091
0.327602
-0.180677
1.433824
-1.079104
-0.447060
0.380217
-0.051913
0.227224
-0.784780
0.158670
-0.187967
-0.292512
0.113573
0.099863
0.455199
0.156029
0.588374
0.029041
-0.282220
0.787383
0.457689
-0.736123
-0.496943
-0.150494
-0.372896
0.247947
0.641134
-0.236323
-0.976811
-0.295220
0.717154
0.059021
-1.092874
-0.184513
1.059401
0.916726
0.229697
0.828557
-0.006265
0.743452
1.085956
-0.067624
-0.318528
-0.855268
0.043433
0.301771
-0.554685
0.950878
0.167101
0.418991
-0.185020
-0.260974
0.241313
0.148916
1.126164
-0.284928
0.387809
0.121064
0.033219
-0.606224
0.525243
-0.032399
-0.403879
-0.273794
-0.147690
0.931957
-0.047853
-0.095579
0.109665
-0.289254
0.074614
1.687133
-0.333875
1.729522
-0.178159
-0.411237
0.314947
0.173544
0.277766
0.090496
0.596381
0.095873
0.134153
-0.126404
-0.319607
-0.108141
-0.562502
0.710966
0.099562
-0.431913
0.249502
-0.376347
-0.957748
-0.019358
0.007491
0.186460
0.040508
0.507816
-0.141130
1.849332
1.035613
-0.172831
0.358612
0.882950
-0.850888
-0.224602
0.407134
0.217289
-0.148454
0.143312
0.023481
-0.267908
0.020785
0.260430
-0.300961
0.043930
0.850185
-0.777096
0.710355
-0.168049
0.685630
0.271689
-0.122582
-1.469163
-0.239455
-0.060265
0.613629
0.017019
-0.208905
-0.751571
-0.892563
-0.300200
-0.024936
0.977939
0.440785
0.074655
-1.099838
-0.206962
-0.217424
0.616206
0.043966
-0.303826
-0.433107
-1.133172
-0.104914
-0.529025
0.280120
0.076061
-0.029632
-1.400209
0.128477
-0.884564
-0.129019
0.228488
0.121961
-0.509984
-0.277216
0.607465
0.576516
0.802198
-0.065528
-0.408845
0.078021
0.809446
-0.894571
-0.208273
0.509238
-0.179727
1.364623
0.928730
-0.216281
-1.029784
0.258989
-0.561672
-0.564636
0.097434
0.012830
-0.559463
-0.288970
-0.266790
-0.325010
0.185512
-0.083845
-0.385013
-0.472282
-0.203356
-0.441364
-0.122433
0.059001
-0.393490
-0.615035
-0.951130
0.259634
0.043973
-0.030578
-0.489389
-0.747988
-0.325686
0.113793
0.795959
0.106656
0.152625
-0.395221
-0.705284
-0.007542
0.666732
0.183360
0.667951
-0.350277
0.321825
-0.004293
1.382755
-0.704217
1.062510
-1.111053
0.820238
-0.496228
-0.132125
-0.089492
-1.268097
-0.055823
0.157033
-0.293218
-0.601055
-0.213878
0.494310
-0.702551
0.037568
0.462866
0.613120
1.220800
-0.386396
-0.849407
-0.544740
-0.434302
-0.704697
-0.496188
-0.864529
-0.037354
0.096521
0.651301
0.918498
-0.238489
0.182784
-1.353676
-0.218256
-0.841196
0.826841
0.041823
0.055608
0.317266
0.265304
-0.547402
-0.654679
0.111244
1.705566
0.295401
-0.296869
1.159092
0.031281
-0.397536
-0.338231
-0.368868
-0.230171
0.571540
-0.052648
-0.296596
0.246424
2.113235
-0.684168
-0.461984
-0.906171
0.291041
-0.167954
1.211676
1.103945
0.762824
0.626805
-0.590106
-0.315387
-0.660886
0.032178
-0.370943
0.194245
0.130101
-0.383977
-0.159178
0.055533
-0.141123
-1.408195
-0.311306
-0.084549
-0.300469
0.084842
-0.420443
-0.522297
-0.828802
-0.055988
0.003213
-0.256361
-0.333827
-0.026336
0.156056
-0.226325
-1.314997
0.133849
0.603306
1.043904
-0.283391
-0.293455
-1.189578
-0.038275
-1.017074
0.925756
-0.399290
-1.110381
-0.095893
0.046166
0.173900
0.232778
-0.207643
-0.504058
-0.402117
-0.160362
0.879927
-0.983444
-0.136682
0.069444
1.792306
-0.754264
-0.803918
-0.357864
0.962460
0.024503
1.212429
-0.043517
0.406811
-0.142451
-0.133557
-0.488625
-0.174145
-0.896183
-0.401604
-0.418537
-0.117614
0.039090
0.198700
-0.191210
-0.081607
-0.918288
-0.095468
0.151302
-1.073521
0.644548
0.069573
-0.413311
-0.049568
0.190395
-0.229683
-0.170896
-0.940206
-0.011917
-0.440094
1.304794
1.700926
-0.315487
-0.409509
0.090247
0.439929
-0.074142
-0.643340
-0.643047
-0.561809
-0.548353
0.183087
-0.747554
-0.252489
0.436179
-0.140346
0.964341
0.106433
0.284345
0.700469
0.571680
-0.807689
0.405132
-0.327505
0.000564
0.212379
-0.011412
0.116672
0.106339
-0.402117
0.488031
-0.147320
0.512027
-1.652077
0.098336
-0.762451
1.324271
-0.249987
0.301935
0.223558
0.068584
-0.015021
-1.343689
-0.509026
-0.786763
-0.343244
-0.265268
-0.193272
0.206929
-0.231983
-0.532590
-0.063765
-0.062444
0.268784
-0.081411
-0.718734
-1.003071
0.750417
0.874640
-0.074867
0.327077
0.166561
-0.056550
-0.062997
-0.758126
1.666279
-0.041595
-0.549501
-0.015524
1.856776
0.357174
0.049856
0.118919
1.095068
0.107154
0.492746
-0.331841
1.359375
0.090809
0.215119
0.237042
-0.031772
0.221489
0.476830
-0.206299
-0.565681
-0.164880
0.085423
-0.229797
0.151854
0.560185
-0.170622
-0.471288
-1.419673
1.384255
0.532775
-0.081098
0.279543
-1.723577
-0.628928
-0.276614
0.487410
-0.212992
-0.617566
-0.214076
-0.721551
-0.467828
-0.042766
-0.290776
0.804032
0.001723
0.650913
-1.202000
-0.204590
-0.248237
-1.070218
0.018389
-0.709554
1.583188
0.829809
1.506585
1.348999
-0.435810
-0.785378
-0.142722
-0.136876
-0.009024
1.648997
0.026279
0.877906
-0.082503
0.386612
-0.758853
1.236771
-0.707266
0.943354
0.233278
-1.510785
0.054075
0.274183
-0.174088
0.045400
-0.656380
0.172652
0.314031
0.073653
0.296743
0.438264
-0.378892
0.135199
0.020447
0.675513
-0.162490
-0.221936
-0.066793
-1.359910
0.742671
-0.063501
0.034926
-0.255894
0.521975
0.126963
-0.637929
-0.103752
-0.022486
0.602462
-0.292594
0.512218
0.250778
1.158059
-0.125568
0.053157
-0.160124
0.254714
0.440499
0.131263
0.305060
0.190013
0.360521
0.409443
-0.091132
0.911131
0.147640
1.195456
-0.102025
-0.107510
0.247453
0.604673
-0.259763
0.199350
0.122351
0.572415
-0.224704
-0.696324
0.630913
0.120284
0.784515
0.771502
0.701521
0.768087
-0.131711
-0.023660
0.014398
-0.169115
-0.495593
-0.521168
-0.289300
-0.153454
0.403062
-0.531253
0.218399
0.475925
-0.514377
-0.156273
-0.176214
-0.228137
-0.009727
-0.541977
1.254040
0.499336
0.707250
0.796252
0.022227
-0.389364
-0.878076
-0.077068
1.347903
0.262664
0.232700
-0.256894
-0.331846
0.018293
0.399808
0.556373
-0.295911
0.212505
0.631686
0.367201
-0.177984
0.618814
-0.266587
-0.977295
0.373482
0.643143
1.115842
-0.109429
-0.064504
0.268306
0.021278
-0.350342
-0.666191
-0.337617
0.230022
0.660026
-0.698406
-0.703775
0.056476
0.472601
1.483949
1.315154
0.385906
-0.143751
0.388011
0.949877
0.479722
0.030957
-0.778585
0.140228
0.388271
-0.132452
-0.297119
0.578354
-0.568990
-0.468896
1.695489
-0.036245
-0.422436
-0.071392
0.631939
-0.596708
-0.711327
-0.313609
-0.425923
0.557940
0.327394
0.283866
0.712687
-0.371305
0.154441
-0.160124
-0.253543
-0.256855
-0.095813
0.133612
-1.094129
0.696864
-0.005822
-0.057716
0.239331
0.918252
0.230673
-0.855020
-1.012487
-0.466002
0.145217
-0.310895
-0.357133
0.635759
-0.328491
0.569995
0.126312
0.206879
-0.430666
0.054712
-0.190833
0.461074
0.061436
-0.378154
0.152115
0.467836
0.154397
-0.285517
-0.116816
0.949148
-0.594366
-0.045212
-0.861424
0.213115
-0.862416
0.514502
0.001372
-0.114526
0.390675
-0.284786
0.226894
1.449976
1.135585
-0.319028
0.564361
-0.431455
0.655630
-0.007666
1.215718
0.268006
-0.871761
-0.150634
-0.636156
0.095856
-0.813771
-0.992360
-0.394072
-0.659146
-0.291141
-0.337943
-0.308628
-0.396499
1.049445
0.474406
-0.624493
0.727272
1.550765
-0.625171
-0.628891
-0.157925
0.455083
0.709431
0.083408
0.550577
-0.003378
-0.068108
0.116097
1.257094
-0.704276
0.019427
-0.934503
-0.010595
-0.013707
-0.569120
0.383153
1.444003
-0.228408
-1.254349
0.105741
-0.117408
-0.308447
1.636131
-0.064279
-0.444681
0.120440
-0.072090
0.223180
-0.066807
-0.189385
-0.170905
0.184108
-0.937942
-0.153500
0.222908
1.210002
-0.460645
-0.163084
0.511785
-0.223775
-0.226435
0.183353
-0.729093
0.166628
-0.193835
1.951773
0.313999
-0.203721
-0.507091
-0.786013
0.831943
0.047029
-0.941255
0.553311
-1.125193
0.120438
0.066854
-0.270970
-0.162642
-0.166719
-0.230773
0.379415
-0.431786
-1.455956
-0.736495
0.175202
0.426434
0.689458
-0.436100
0.565126
1.133970
-0.396418
0.129581
-0.318225
-0.506735
0.166622
0.091507
0.155034
-1.127764
-0.461689
-0.012308
0.056877
-0.777424
-0.794512
-1.226450
-0.011330
0.365246
-0.013890
0.166515
-0.554767
0.093118
-0.272122
-1.071334
0.049562
-0.183275
0.666062
-0.539464
-0.946197
-0.448032
1.843268
-0.338829
0.106911
0.679094
-0.380193
-0.387967
-0.141556
-0.454698
-0.194406
0.497861
-0.274841
-0.218854
-0.113922
0.286798
-0.309937
-0.118662
-0.265853
0.921660
0.090429
-0.219476
-0.352327
-0.122854
-0.346008
-0.021670
-1.389399
-0.375074
-0.883599
-0.307193
-1.089866
1.341444
0.589342
0.286844
-0.404604
0.081242
-0.020730
-0.204730
-0.341799
-0.434676
-0.900969
0.467906
0.082458
0.237712
0.486403
-0.139654
-0.013858
0.606278
0.345443
1.028388
1.633428
0.205066
0.565765
-0.333176
-0.233587
-0.079760
-0.675606
0.404861
-0.082931
0.442922
-0.485582
-0.462420
-0.606964
0.477328
-0.465334
-0.224934
-0.258186
-0.166249
0.067995
0.115412
-1.338909
0.265118
-0.237741
-0.284627
-0.022933
-0.020938
-0.886781
-0.445403
0.085680
0.071360
-0.135965
0.001503
0.507377
1.413639
-0.020342
-0.043425
-0.228667
-0.048542
-0.281208
0.759650
-0.230330
1.044095
1.111070
0.066295
-0.440637
-0.703236
-0.083587
-0.923777
-0.085982
0.783485
-0.096459
-1.928079
-0.215370
0.206203
0.260321
-0.557750
-0.271062
0.736652
0.040802
0.138329
-0.050102
-0.499215
-0.164388
-0.957155
-0.049866
-0.307672
0.415284
-0.020785
0.803196
0.665436
0.034508
0.104418
-0.113303
0.464710
-0.091321
-0.764310
0.533926
0.301797
-0.868840
1.267019
-0.886710
-0.162460
-0.414453
-0.799954
0.312797
-1.758054
0.999254
0.110974
1.147416
0.121750
0.425615
-0.063792
-0.637920
0.179589
1.841801
0.457056
-0.895345
-0.318165
-0.214414
0.103133
-0.991843
0.049375
-0.240927
0.381771
-0.308555
-0.236862
0.339654
0.819847
0.305922
-0.744291
0.457708
0.003178
-0.112980
0.212587
-0.492979
0.393543
-0.126075
0.125424
-1.868507
-0.181763
0.215973
0.233710
0.487220
-0.451868
-0.176768
-0.170991
0.038385
0.433690
0.073605
-0.651831
-0.694234
0.091717
-0.260041
-0.019348
0.410331
1.179025
0.087800
0.547796
-0.277331
-0.247134
0.178280
-0.544494
-0.092551
0.927566
-0.082570
0.351942
-0.090283
-0.508625
-0.004339
0.502062
0.870136
-0.668894
-0.545169
-0.737997
0.105105
0.612970
0.245736
-0.903752
-0.206250
0.007154
0.193193
0.610244
0.120496
0.081947
-0.608692
0.676641
0.779179
0.918585
0.038867
0.708669
0.659048
0.961390
0.322091
-0.249701
0.705395
0.208989
0.013560
0.840564
-0.130494
0.117691
0.220738
-0.541998
0.303194
0.292793
-0.013260
0.464292
0.952881
1.745861
0.353858
0.070210
-0.140474
0.697748
-0.096536
0.202327
0.784646
-0.021849
0.444088
-0.067048
-0.158210
0.109389
0.642397
-0.169556
-0.824774
-0.138613
-0.110234
-0.839814
1.574868
0.605507
-0.435999
0.675665
-0.136479
-0.511423
0.001025
-0.898520
0.091788
-0.190172
0.021130
-0.215020
-0.259117
1.086464
0.039413
0.059666
0.081384
-0.162335
-0.709582
0.067212
-0.503843
-0.426613
0.712387
0.562707
-0.133310
-0.768492
-0.165898
0.020217
0.101511
-0.132085
0.220168
1.628684
0.381271
0.071961
0.712226
-1.579916
0.570989
0.207803
0.234942
1.760722
-0.256387
-0.720304
-0.462267
-0.180077
-0.884979
-0.185144
-0.611485
-0.412501
-0.103857
-0.222802
0.246828
-0.457750
-0.504636
0.104241
-0.968981
0.670968
-0.294413
-0.700129
1.216509
0.037781
-0.268140
0.058525
-0.286863
-0.310321
-0.094065
0.043743
0.502692
1.337067
0.647526
-0.126515
0.896267
-0.448748
-0.146894
-0.389822
-0.138826
0.042575
-0.776226
0.647586
0.698416
0.134522
0.827845
0.207199
0.561057
-0.020173
-0.547935
-1.122236
0.044566
0.118880
-0.372094
-0.355346
0.484859
1.070770
1.366760
-0.138243
0.224666
1.335812
-0.005846
-0.461896
-0.025912
0.383899
0.093312
0.496284
0.061452
0.165176
-0.063680
-0.817208
0.031975
0.013354
-1.006101
-0.235263
-0.186432
0.269362
-1.113297
0.362604
0.138868
-0.031175
0.396504
-0.176044
0.004064
0.928290
-0.999016
-0.424589
0.216258
-0.532626
0.477067
-0.037517
-0.623123
0.243490
0.705787
0.223217
-0.682306
-0.262827
-0.943089
0.205028
-0.861654
0.109853
0.927579
0.651900
-0.628682
-0.271927
0.060914
0.564992
0.438039
-0.089094
1.040778
-0.225983
0.794289
-0.304486
-0.180155
0.080202
-0.148593
0.615863
-0.584267
1.684781
-0.930946
-0.168515
-0.474228
-0.012773
-0.404897
-0.402134
-0.011108
-0.610638
0.270693
-1.413934
-0.045032
0.450943
-0.505945
-0.024367
0.717190
-1.227177
0.035819
-0.052256
-0.230445
0.236038
-0.380196
-0.205232
-0.611361
-0.225186
0.059154
-1.261362
-0.070453
0.003414
-0.170376
-0.298125
-0.246881
-0.676182
-0.119614
-0.120215
0.101785
-0.359533
-0.520901
0.774710
-0.446728
0.299060
0.438377
0.005504
-0.061937
0.802942
-0.391689
-0.222394
0.071463
0.849494
-0.056321
0.240513
0.164183
-0.779049
-1.056616
0.177401
0.497445
0.722976
-0.029160
-0.378525
-0.265925
0.191367
0.125320
-0.725144
-0.320965
-1.083807
0.107161
-0.054568
0.141876
0.595615
-0.183516
-0.237354
0.214902
0.989742
0.668862
0.178531
-0.496044
-0.394549
-1.079866
-0.073543
-0.575198
1.011049
-0.357795
-0.076368
-0.265959
0.205872
-0.746197
0.012829
-0.106093
-0.101140
-0.688542
0.035257
-0.708467
0.125111
-0.241048
-0.427829
0.203647
-0.128069
-0.060899
0.722894
-0.412079
-1.035685
0.281801
-0.036698
0.008991
0.930196
-0.244153
-0.233221
-1.033926
-0.466808
0.475685
0.614441
0.652650
0.095343
0.538590
0.168915
0.117566
-0.073707
-1.293868
0.057244
0.278394
-0.828729
-0.384216
0.811489
0.705478
-0.457615
-0.708678
0.164901
0.141233
-0.255451
-0.630392
0.880143
0.110293
-0.026692
-0.810529
0.248060
0.306786
-0.983772
0.178750
0.814854
-0.599813
-0.213720
0.335996
-0.235094
0.364707
0.445304
0.228296
-0.092701
0.364422
0.809294
0.460324
-0.516402
-0.286088
-0.105353
0.189793
-0.647281
-0.149179
-0.157249
-0.140752
0.154953
0.214513
-0.151078
-0.548781
0.172807
-0.402199
-1.456467
-0.721354
0.208324
-1.518440
0.271688
-0.701118
-0.319321
-0.239726
-0.135241
1.614081
-0.397351
-0.127841
-0.124889
-0.614623
-0.036493
-0.409681
-0.449765
-0.123776
-0.062338
0.135143
0.473946
-0.728629
0.629522
-0.154308
0.111974
-0.828330
-0.333240
0.267147
0.764843
0.085811
-0.074828
0.655536
-0.397960
0.402654
-0.004210
-0.164860
-1.052086
-0.145849
1.027071
-0.068097
-0.340032
0.545062
0.561492
-0.339998
0.601896
0.175058
-0.736181
0.200078
0.036477
-0.018907
-0.755425
0.082154
-0.859130
0.563952
-0.048567
0.060672
-0.336755
1.465939
-0.092673
-1.514709
1.047733
-0.283341
0.018728
-0.086333
-0.108933
-0.280437
-0.538708
1.051640
-1.009488
-0.211453
-0.146976
-1.209688
-0.450722
1.794375
-0.076241
0.146823
-0.346174
-0.159260
-0.157970
1.341118
0.549247
0.157403
-0.131517
0.013195
0.014160
-0.042321
-0.935147
-1.351282
0.718011
1.313167
-0.142541
0.491203
0.215347
0.111512
0.015949
-0.016476
1.521822
0.150574
0.519434
0.500631
0.215781
0.736800
-0.682794
-0.301411
0.610248
-0.294087
0.219114
0.550560
0.124927
-1.468334
-0.094385
-0.042502
0.844393
0.089113
-0.058310
-0.604541
0.367525
0.234690
-0.018489
0.230516
-0.006401
-0.109088
0.705413
-0.823563
-0.511102
0.025513
0.327923
-0.512163
0.026270
0.499972
-0.652826
0.254177
0.709011
-0.419883
0.836830
-0.159668
-0.428571
0.205076
-0.558374
0.441671
-0.216411
-0.492056
-0.375545
-0.043132
0.039066
-0.317887
-0.382091
-0.523918
-0.082620
-0.567572
0.275855
-0.182433
0.258449
-0.176488
0.746117
-0.001148
0.114978
-0.078791
0.876783
0.391731
1.480477
0.254759
0.965101
0.302311
0.633509
-0.349770
0.450872
0.463306
-0.065330
0.155393
-0.110111
0.178885
0.303832
-0.829263
0.244207
-0.316694
0.374276
-1.095862
-0.309736
0.293642
1.472436
0.181173
0.178297
-0.006346
1.091199
0.359545
-0.092384
-0.544787
0.260136
-0.008140
0.228664
0.751195
-0.069254
0.255131
-0.091531
0.671683
-0.196516
0.305156
-0.532561
0.196242
0.269615
-0.564064
0.059628
1.182842
-0.249272
0.506811
0.285186
-0.562251
-0.958096
-0.966580
0.611216
-0.019052
0.019147
-0.258505
0.435589
0.068017
-0.937631
0.837069
0.951561
-0.143015
-0.792616
0.112617
0.469086
-0.174696
-0.032151
-1.053685
-0.138571
-0.705439
-0.254746
-0.195303
